-13.5 0.0 -22.551351160840838
-13.397435897435898 0.0 -22.551351160840838
-13.294871794871796 0.0 -22.551351160840838
-13.192307692307692 0.0 -22.551351160840838
-13.08974358974359 0.0 -22.551351160840838
-12.987179487179487 0.0 -22.551351160840838
-12.884615384615385 0.0 -22.551351160840838
-12.782051282051283 0.0 -22.551351160840838
-12.679487179487179 0.0 -22.551351160840838
-12.576923076923077 0.0 -22.551351160840838
-12.474358974358974 0.0 -22.551351160840838
-12.371794871794872 0.0 -22.551351160840838
-12.26923076923077 0.0 -22.551351160840838
-12.166666666666666 0.0 -22.551351160840838
-12.064102564102564 0.0 -22.551351160840838
-11.961538461538462 0.0 -22.551351160840838
-11.85897435897436 0.0 -22.551351160840838
-11.756410256410255 0.0 -22.551351160840838
-11.653846153846153 0.0 -22.551351160840838
-11.551282051282051 0.0 -16.194179172573207
-11.448717948717949 0.0 -inf
-11.346153846153847 0.0 -inf
-11.243589743589745 0.0 -inf
-11.14102564102564 0.0 -inf
-11.038461538461538 0.0 -inf
-10.935897435897436 0.0 -inf
-10.833333333333334 0.0 -inf
-10.73076923076923 0.0 -inf
-10.628205128205128 0.0 -inf
-10.525641025641026 0.0 -inf
-10.423076923076923 0.0 -inf
-10.320512820512821 0.0 -inf
-10.217948717948719 0.0 -inf
-10.115384615384615 0.0 -inf
-10.012820512820513 0.0 -inf
-9.91025641025641 0.0 -inf
-9.807692307692308 0.0 -inf
-9.705128205128204 0.0 -inf
-9.602564102564102 0.0 -inf
-9.5 0.0 -inf
-13.5 0.4358974358974359 -22.551351160840838
-13.397435897435898 0.4358974358974359 -22.25245496970753
-13.294871794871796 0.4358974358974359 -22.551351160840838
-13.192307692307692 0.4358974358974359 -22.551351160840838
-13.08974358974359 0.4358974358974359 -21.825921054258856
-12.987179487179487 0.4358974358974359 -22.551351160840838
-12.884615384615385 0.4358974358974359 -22.551351160840838
-12.782051282051283 0.4358974358974359 -22.551351160840838
-12.679487179487179 0.4358974358974359 -22.551351160840838
-12.576923076923077 0.4358974358974359 -21.838838365147737
-12.474358974358974 0.4358974358974359 -21.859847320523514
-12.371794871794872 0.4358974358974359 -22.551351160840838
-12.26923076923077 0.4358974358974359 -22.447702646944887
-12.166666666666666 0.4358974358974359 -22.05542383955277
-12.064102564102564 0.4358974358974359 -22.551351160840838
-11.961538461538462 0.4358974358974359 -21.722182580083725
-11.85897435897436 0.4358974358974359 -21.496852044406943
-11.756410256410255 0.4358974358974359 -19.0404221121987
-11.653846153846153 0.4358974358974359 -17.79823813199719
-11.551282051282051 0.4358974358974359 -17.94296653898036
-11.448717948717949 0.4358974358974359 -17.527791602095988
-11.346153846153847 0.4358974358974359 -18.018266365181596
-11.243589743589745 0.4358974358974359 -20.409841249111402
-11.14102564102564 0.4358974358974359 -inf
-11.038461538461538 0.4358974358974359 -inf
-10.935897435897436 0.4358974358974359 -inf
-10.833333333333334 0.4358974358974359 -inf
-10.73076923076923 0.4358974358974359 -inf
-10.628205128205128 0.4358974358974359 -inf
-10.525641025641026 0.4358974358974359 -inf
-10.423076923076923 0.4358974358974359 -inf
-10.320512820512821 0.4358974358974359 -inf
-10.217948717948719 0.4358974358974359 -inf
-10.115384615384615 0.4358974358974359 -inf
-10.012820512820513 0.4358974358974359 -inf
-9.91025641025641 0.4358974358974359 -inf
-9.807692307692308 0.4358974358974359 -inf
-9.705128205128204 0.4358974358974359 -inf
-9.602564102564102 0.4358974358974359 -inf
-9.5 0.4358974358974359 -inf
-13.5 0.8717948717948718 -21.95671242326457
-13.397435897435898 0.8717948717948718 -21.965181904919945
-13.294871794871796 0.8717948717948718 -22.451743847640266
-13.192307692307692 0.8717948717948718 -22.443144256691394
-13.08974358974359 0.8717948717948718 -22.551351160840838
-12.987179487179487 0.8717948717948718 -22.551351160840838
-12.884615384615385 0.8717948717948718 -22.413815528529454
-12.782051282051283 0.8717948717948718 -22.5102428431954
-12.679487179487179 0.8717948717948718 -22.44673230242666
-12.576923076923077 0.8717948717948718 -22.551351160840838
-12.474358974358974 0.8717948717948718 -22.551351160840838
-12.371794871794872 0.8717948717948718 -22.551351160840838
-12.26923076923077 0.8717948717948718 -22.551351160840838
-12.166666666666666 0.8717948717948718 -22.41416622964977
-12.064102564102564 0.8717948717948718 -21.77585556888297
-11.961538461538462 0.8717948717948718 -19.842486156810757
-11.85897435897436 0.8717948717948718 -18.39062042476028
-11.756410256410255 0.8717948717948718 -18.460975127430792
-11.653846153846153 0.8717948717948718 -18.449114747613763
-11.551282051282051 0.8717948717948718 -18.404077380844623
-11.448717948717949 0.8717948717948718 -18.500076444523962
-11.346153846153847 0.8717948717948718 -18.509231413911063
-11.243589743589745 0.8717948717948718 -18.492173650886574
-11.14102564102564 0.8717948717948718 -18.793130502347303
-11.038461538461538 0.8717948717948718 -20.934654471946352
-10.935897435897436 0.8717948717948718 -inf
-10.833333333333334 0.8717948717948718 -inf
-10.73076923076923 0.8717948717948718 -inf
-10.628205128205128 0.8717948717948718 -inf
-10.525641025641026 0.8717948717948718 -inf
-10.423076923076923 0.8717948717948718 -inf
-10.320512820512821 0.8717948717948718 -inf
-10.217948717948719 0.8717948717948718 -inf
-10.115384615384615 0.8717948717948718 -inf
-10.012820512820513 0.8717948717948718 -inf
-9.91025641025641 0.8717948717948718 -inf
-9.807692307692308 0.8717948717948718 -inf
-9.705128205128204 0.8717948717948718 -inf
-9.602564102564102 0.8717948717948718 -inf
-9.5 0.8717948717948718 -inf
-13.5 1.3076923076923077 -22.22908365360921
-13.397435897435898 1.3076923076923077 -22.28051702461522
-13.294871794871796 1.3076923076923077 -22.16739564885951
-13.192307692307692 1.3076923076923077 -22.319847469335443
-13.08974358974359 1.3076923076923077 -22.448875308833614
-12.987179487179487 1.3076923076923077 -22.317439337686857
-12.884615384615385 1.3076923076923077 -22.375823944508014
-12.782051282051283 1.3076923076923077 -22.220004506151433
-12.679487179487179 1.3076923076923077 -22.43092972866006
-12.576923076923077 1.3076923076923077 -22.595193576850306
-12.474358974358974 1.3076923076923077 -22.583915389757735
-12.371794871794872 1.3076923076923077 -22.35077652820722
-12.26923076923077 1.3076923076923077 -22.039365847449574
-12.166666666666666 1.3076923076923077 -19.577094981425663
-12.064102564102564 1.3076923076923077 -18.837333336388646
-11.961538461538462 1.3076923076923077 -18.86993873942374
-11.85897435897436 1.3076923076923077 -18.823125895345004
-11.756410256410255 1.3076923076923077 -18.895263250070577
-11.653846153846153 1.3076923076923077 -18.92368457468959
-11.551282051282051 1.3076923076923077 -18.935453642892668
-11.448717948717949 1.3076923076923077 -18.947687709885045
-11.346153846153847 1.3076923076923077 -18.96929304337275
-11.243589743589745 1.3076923076923077 -18.92531110411899
-11.14102564102564 1.3076923076923077 -19.003258463198684
-11.038461538461538 1.3076923076923077 -18.960720375669986
-10.935897435897436 1.3076923076923077 -19.022220387428263
-10.833333333333334 1.3076923076923077 -20.707289790283202
-10.73076923076923 1.3076923076923077 -195.12936482072527
-10.628205128205128 1.3076923076923077 -195.12936482072527
-10.525641025641026 1.3076923076923077 -inf
-10.423076923076923 1.3076923076923077 -inf
-10.320512820512821 1.3076923076923077 -inf
-10.217948717948719 1.3076923076923077 -inf
-10.115384615384615 1.3076923076923077 -inf
-10.012820512820513 1.3076923076923077 -inf
-9.91025641025641 1.3076923076923077 -inf
-9.807692307692308 1.3076923076923077 -inf
-9.705128205128204 1.3076923076923077 -inf
-9.602564102564102 1.3076923076923077 -inf
-9.5 1.3076923076923077 -inf
-13.5 1.7435897435897436 -22.565003432122545
-13.397435897435898 1.7435897435897436 -22.536051543902662
-13.294871794871796 1.7435897435897436 -22.371834648261327
-13.192307692307692 1.7435897435897436 -22.282131363364595
-13.08974358974359 1.7435897435897436 -22.31574596032865
-12.987179487179487 1.7435897435897436 -22.302149607428074
-12.884615384615385 1.7435897435897436 -22.397349541587467
-12.782051282051283 1.7435897435897436 -22.406872761826467
-12.679487179487179 1.7435897435897436 -22.43466771942066
-12.576923076923077 1.7435897435897436 -22.29262009137596
-12.474358974358974 1.7435897435897436 -21.88824847448889
-12.371794871794872 1.7435897435897436 -19.60290585043293
-12.26923076923077 1.7435897435897436 -19.08592819542062
-12.166666666666666 1.7435897435897436 -19.116178745510386
-12.064102564102564 1.7435897435897436 -19.09688116772336
-11.961538461538462 1.7435897435897436 -19.120685778546747
-11.85897435897436 1.7435897435897436 -19.18179895086567
-11.756410256410255 1.7435897435897436 -19.197228629411704
-11.653846153846153 1.7435897435897436 -19.16910493797646
-11.551282051282051 1.7435897435897436 -19.235317789746407
-11.448717948717949 1.7435897435897436 -19.222848678363725
-11.346153846153847 1.7435897435897436 -19.213974826252468
-11.243589743589745 1.7435897435897436 -19.22679928222188
-11.14102564102564 1.7435897435897436 -19.206916089384592
-11.038461538461538 1.7435897435897436 -19.20298584730387
-10.935897435897436 1.7435897435897436 -19.218189278629858
-10.833333333333334 1.7435897435897436 -19.213723561706267
-10.73076923076923 1.7435897435897436 -19.248567799976374
-10.628205128205128 1.7435897435897436 -20.405263962163694
-10.525641025641026 1.7435897435897436 -47.12963864784062
-10.423076923076923 1.7435897435897436 -195.99241103808063
-10.320512820512821 1.7435897435897436 -inf
-10.217948717948719 1.7435897435897436 -inf
-10.115384615384615 1.7435897435897436 -inf
-10.012820512820513 1.7435897435897436 -inf
-9.91025641025641 1.7435897435897436 -inf
-9.807692307692308 1.7435897435897436 -inf
-9.705128205128204 1.7435897435897436 -inf
-9.602564102564102 1.7435897435897436 -inf
-9.5 1.7435897435897436 -inf
-13.5 2.1794871794871797 -22.45828931793733
-13.397435897435898 2.1794871794871797 -22.465117415160094
-13.294871794871796 2.1794871794871797 -22.489420499437966
-13.192307692307692 2.1794871794871797 -22.426737759346842
-13.08974358974359 2.1794871794871797 -22.421107906563805
-12.987179487179487 2.1794871794871797 -22.45896473490785
-12.884615384615385 2.1794871794871797 -22.392073518754202
-12.782051282051283 2.1794871794871797 -22.236330222325194
-12.679487179487179 2.1794871794871797 -21.662216400893907
-12.576923076923077 2.1794871794871797 -19.51263427759304
-12.474358974358974 2.1794871794871797 -19.279262338641928
-12.371794871794872 2.1794871794871797 -19.29045278281124
-12.26923076923077 2.1794871794871797 -19.29794743063196
-12.166666666666666 2.1794871794871797 -19.335466614066227
-12.064102564102564 2.1794871794871797 -19.371233492270473
-11.961538461538462 2.1794871794871797 -19.37282758027255
-11.85897435897436 2.1794871794871797 -19.385989058757417
-11.756410256410255 2.1794871794871797 -19.404488800553498
-11.653846153846153 2.1794871794871797 -19.4290596550951
-11.551282051282051 2.1794871794871797 -19.449595635111216
-11.448717948717949 2.1794871794871797 -19.410971416150726
-11.346153846153847 2.1794871794871797 -19.423338502468575
-11.243589743589745 2.1794871794871797 -19.411752418203353
-11.14102564102564 2.1794871794871797 -19.389291363913316
-11.038461538461538 2.1794871794871797 -19.403982234113244
-10.935897435897436 2.1794871794871797 -19.389430165610143
-10.833333333333334 2.1794871794871797 -19.354577969144863
-10.73076923076923 2.1794871794871797 -19.385022768735137
-10.628205128205128 2.1794871794871797 -19.468201308057672
-10.525641025641026 2.1794871794871797 -19.610253531928084
-10.423076923076923 2.1794871794871797 -20.479430202301433
-10.320512820512821 2.1794871794871797 -47.79906930178325
-10.217948717948719 2.1794871794871797 -196.66184169202324
-10.115384615384615 2.1794871794871797 -inf
-10.012820512820513 2.1794871794871797 -inf
-9.91025641025641 2.1794871794871797 -inf
-9.807692307692308 2.1794871794871797 -inf
-9.705128205128204 2.1794871794871797 -inf
-9.602564102564102 2.1794871794871797 -inf
-9.5 2.1794871794871797 -inf
-13.5 2.6153846153846154 -22.552097567625214
-13.397435897435898 2.6153846153846154 -22.56243429928164
-13.294871794871796 2.6153846153846154 -22.541390535097296
-13.192307692307692 2.6153846153846154 -22.52716145943936
-13.08974358974359 2.6153846153846154 -22.51205909603214
-12.987179487179487 2.6153846153846154 -22.334859288706696
-12.884615384615385 2.6153846153846154 -21.46924799302738
-12.782051282051283 2.6153846153846154 -19.56364699775354
-12.679487179487179 2.6153846153846154 -19.446354388693386
-12.576923076923077 2.6153846153846154 -19.469404527090642
-12.474358974358974 2.6153846153846154 -19.454861953914598
-12.371794871794872 2.6153846153846154 -19.468036783188946
-12.26923076923077 2.6153846153846154 -19.507313210250555
-12.166666666666666 2.6153846153846154 -19.5086063260231
-12.064102564102564 2.6153846153846154 -19.530715162784347
-11.961538461538462 2.6153846153846154 -19.557263537273208
-11.85897435897436 2.6153846153846154 -19.585608892850725
-11.756410256410255 2.6153846153846154 -19.593665304667933
-11.653846153846153 2.6153846153846154 -19.579822281751877
-11.551282051282051 2.6153846153846154 -19.567618040682042
-11.448717948717949 2.6153846153846154 -19.56828585087284
-11.346153846153847 2.6153846153846154 -19.56221172574167
-11.243589743589745 2.6153846153846154 -19.551292624033607
-11.14102564102564 2.6153846153846154 -19.55717759564156
-11.038461538461538 2.6153846153846154 -19.532881042788823
-10.935897435897436 2.6153846153846154 -19.520776070245596
-10.833333333333334 2.6153846153846154 -19.541533255113507
-10.73076923076923 2.6153846153846154 -19.612787948672583
-10.628205128205128 2.6153846153846154 -19.678881431226152
-10.525641025641026 2.6153846153846154 -19.751822518706565
-10.423076923076923 2.6153846153846154 -19.83827086505692
-10.320512820512821 2.6153846153846154 -19.969544544945933
-10.217948717948719 2.6153846153846154 -20.615789687861895
-10.115384615384615 2.6153846153846154 -27.626914016938194
-10.012820512820513 2.6153846153846154 -158.91003984040987
-9.91025641025641 2.6153846153846154 -inf
-9.807692307692308 2.6153846153846154 -inf
-9.705128205128204 2.6153846153846154 -inf
-9.602564102564102 2.6153846153846154 -inf
-9.5 2.6153846153846154 -inf
-13.5 3.051282051282051 -22.60656490331192
-13.397435897435898 3.051282051282051 -22.56760512231767
-13.294871794871796 3.051282051282051 -22.531086686191294
-13.192307692307692 3.051282051282051 -22.327881080617296
-13.08974358974359 3.051282051282051 -21.262609589367642
-12.987179487179487 3.051282051282051 -19.607903218022727
-12.884615384615385 3.051282051282051 -19.547670424650068
-12.782051282051283 3.051282051282051 -19.57122827634499
-12.679487179487179 3.051282051282051 -19.59813031247607
-12.576923076923077 3.051282051282051 -19.603916150543313
-12.474358974358974 3.051282051282051 -19.635886944046096
-12.371794871794872 3.051282051282051 -19.65080795295729
-12.26923076923077 3.051282051282051 -19.644833720412255
-12.166666666666666 3.051282051282051 -19.664894305729344
-12.064102564102564 3.051282051282051 -19.68516777229282
-11.961538461538462 3.051282051282051 -19.6884180543308
-11.85897435897436 3.051282051282051 -19.68473547370696
-11.756410256410255 3.051282051282051 -19.693494199856143
-11.653846153846153 3.051282051282051 -19.704798533643817
-11.551282051282051 3.051282051282051 -19.713091399798596
-11.448717948717949 3.051282051282051 -19.697142576707684
-11.346153846153847 3.051282051282051 -19.688782166436244
-11.243589743589745 3.051282051282051 -19.679509461412444
-11.14102564102564 3.051282051282051 -19.6536354441951
-11.038461538461538 3.051282051282051 -19.63942055540233
-10.935897435897436 3.051282051282051 -19.702450361115392
-10.833333333333334 3.051282051282051 -19.7471703400061
-10.73076923076923 3.051282051282051 -19.796643435924675
-10.628205128205128 3.051282051282051 -19.848870227284557
-10.525641025641026 3.051282051282051 -19.91870379759944
-10.423076923076923 3.051282051282051 -19.987827692814797
-10.320512820512821 3.051282051282051 -20.053765148027406
-10.217948717948719 3.051282051282051 -20.131358641124724
-10.115384615384615 3.051282051282051 -20.252708189636234
-10.012820512820513 3.051282051282051 -20.72282130806916
-9.91025641025641 3.051282051282051 -26.69685961393973
-9.807692307692308 3.051282051282051 -159.37249187989164
-9.705128205128204 3.051282051282051 -inf
-9.602564102564102 3.051282051282051 -inf
-9.5 3.051282051282051 -inf
-13.5 3.4871794871794872 -22.536305664235133
-13.397435897435898 3.4871794871794872 -22.309965583209777
-13.294871794871796 3.4871794871794872 -21.184365567259697
-13.192307692307692 3.4871794871794872 -19.679233749359277
-13.08974358974359 3.4871794871794872 -19.674819274280964
-12.987179487179487 3.4871794871794872 -19.683546295881285
-12.884615384615385 3.4871794871794872 -19.69751184558757
-12.782051282051283 3.4871794871794872 -19.703718766658344
-12.679487179487179 3.4871794871794872 -19.71972036926783
-12.576923076923077 3.4871794871794872 -19.73180039961539
-12.474358974358974 3.4871794871794872 -19.756569406327653
-12.371794871794872 3.4871794871794872 -19.76673910227351
-12.26923076923077 3.4871794871794872 -19.792942578610898
-12.166666666666666 3.4871794871794872 -19.80433979973634
-12.064102564102564 3.4871794871794872 -19.787268326389754
-11.961538461538462 3.4871794871794872 -19.795091305396515
-11.85897435897436 3.4871794871794872 -19.800115431347614
-11.756410256410255 3.4871794871794872 -19.80540219315989
-11.653846153846153 3.4871794871794872 -19.80190666052409
-11.551282051282051 3.4871794871794872 -19.800824012198312
-11.448717948717949 3.4871794871794872 -19.79869338867261
-11.346153846153847 3.4871794871794872 -19.754842624923455
-11.243589743589745 3.4871794871794872 -19.737130214616005
-11.14102564102564 3.4871794871794872 -19.78740099945877
-11.038461538461538 3.4871794871794872 -19.821397777818447
-10.935897435897436 3.4871794871794872 -19.863903918118048
-10.833333333333334 3.4871794871794872 -19.91234130499753
-10.73076923076923 3.4871794871794872 -19.96304233820961
-10.628205128205128 3.4871794871794872 -20.0055907699004
-10.525641025641026 3.4871794871794872 -20.058760884733633
-10.423076923076923 3.4871794871794872 -20.1070498988666
-10.320512820512821 3.4871794871794872 -20.180320484182875
-10.217948717948719 3.4871794871794872 -20.245709507375384
-10.115384615384615 3.4871794871794872 -20.31592580423178
-10.012820512820513 3.4871794871794872 -20.40789867494086
-9.91025641025641 3.4871794871794872 -20.512114710514616
-9.807692307692308 3.4871794871794872 -20.881397948238323
-9.705128205128204 3.4871794871794872 -24.91523517207667
-9.602564102564102 3.4871794871794872 -159.7730860577652
-9.5 3.4871794871794872 -inf
-13.5 3.9230769230769234 -21.02301299398625
-13.397435897435898 3.9230769230769234 -19.76673894422632
-13.294871794871796 3.9230769230769234 -19.768494394032533
-13.192307692307692 3.9230769230769234 -19.781212755195906
-13.08974358974359 3.9230769230769234 -19.785759678470797
-12.987179487179487 3.9230769230769234 -19.807553027063253
-12.884615384615385 3.9230769230769234 -19.821904524323415
-12.782051282051283 3.9230769230769234 -19.82410555027059
-12.679487179487179 3.9230769230769234 -19.846134151390455
-12.576923076923077 3.9230769230769234 -19.85608529728175
-12.474358974358974 3.9230769230769234 -19.86874645405443
-12.371794871794872 3.9230769230769234 -19.872517024470493
-12.26923076923077 3.9230769230769234 -19.879374955637147
-12.166666666666666 3.9230769230769234 -19.893498723394295
-12.064102564102564 3.9230769230769234 -19.897544787572098
-11.961538461538462 3.9230769230769234 -19.91477832095913
-11.85897435897436 3.9230769230769234 -19.896987842058834
-11.756410256410255 3.9230769230769234 -19.896704562795904
-11.653846153846153 3.9230769230769234 -19.877385672803268
-11.551282051282051 3.9230769230769234 -19.821607143236903
-11.448717948717949 3.9230769230769234 -19.81865013063959
-11.346153846153847 3.9230769230769234 -19.86596083384463
-11.243589743589745 3.9230769230769234 -19.900709601026747
-11.14102564102564 3.9230769230769234 -19.93684736753819
-11.038461538461538 3.9230769230769234 -19.97274223743683
-10.935897435897436 3.9230769230769234 -20.018291915260598
-10.833333333333334 3.9230769230769234 -20.046633882728706
-10.73076923076923 3.9230769230769234 -20.08331010758351
-10.628205128205128 3.9230769230769234 -20.14202340505354
-10.525641025641026 3.9230769230769234 -20.19481557605576
-10.423076923076923 3.9230769230769234 -20.246164270955486
-10.320512820512821 3.9230769230769234 -20.29863241247808
-10.217948717948719 3.9230769230769234 -20.349557135459037
-10.115384615384615 3.9230769230769234 -20.42301215833188
-10.012820512820513 3.9230769230769234 -20.48359847181157
-9.91025641025641 3.9230769230769234 -20.54546550895471
-9.807692307692308 3.9230769230769234 -20.637737269167264
-9.705128205128204 3.9230769230769234 -20.74500396792999
-9.602564102564102 3.9230769230769234 -21.037446149016144
-9.5 3.9230769230769234 -24.231487336094368
-13.5 4.3589743589743595 -19.877053393271616
-13.397435897435898 4.3589743589743595 -19.880878219251656
-13.294871794871796 4.3589743589743595 -19.8810069212337
-13.192307692307692 4.3589743589743595 -19.89056465233898
-13.08974358974359 4.3589743589743595 -19.89795842335272
-12.987179487179487 4.3589743589743595 -19.90311860914785
-12.884615384615385 4.3589743589743595 -19.919132544156525
-12.782051282051283 4.3589743589743595 -19.94071708954293
-12.679487179487179 4.3589743589743595 -19.958248869095623
-12.576923076923077 4.3589743589743595 -19.955639534930242
-12.474358974358974 4.3589743589743595 -19.95695807173171
-12.371794871794872 4.3589743589743595 -19.97197641468124
-12.26923076923077 4.3589743589743595 -19.969463481733086
-12.166666666666666 4.3589743589743595 -19.977794695009365
-12.064102564102564 4.3589743589743595 -19.981992161056244
-11.961538461538462 4.3589743589743595 -19.984307106382
-11.85897435897436 4.3589743589743595 -19.964798002473987
-11.756410256410255 4.3589743589743595 -19.89298893688664
-11.653846153846153 4.3589743589743595 -19.893904949409475
-11.551282051282051 4.3589743589743595 -19.93256353884944
-11.448717948717949 4.3589743589743595 -19.957070472284236
-11.346153846153847 4.3589743589743595 -19.992896703570104
-11.243589743589745 4.3589743589743595 -20.03375403179897
-11.14102564102564 4.3589743589743595 -20.074343285053374
-11.038461538461538 4.3589743589743595 -20.11121887811463
-10.935897435897436 4.3589743589743595 -20.134553821732503
-10.833333333333334 4.3589743589743595 -20.16812097970858
-10.73076923076923 4.3589743589743595 -20.225217723419206
-10.628205128205128 4.3589743589743595 -20.265606550158747
-10.525641025641026 4.3589743589743595 -20.30115504236165
-10.423076923076923 4.3589743589743595 -20.36010632537895
-10.320512820512821 4.3589743589743595 -20.407129714899128
-10.217948717948719 4.3589743589743595 -20.455286853970858
-10.115384615384615 4.3589743589743595 -20.502237799663057
-10.012820512820513 4.3589743589743595 -20.555273587060924
-9.91025641025641 4.3589743589743595 -20.63064215452518
-9.807692307692308 4.3589743589743595 -20.69091445446185
-9.705128205128204 4.3589743589743595 -20.760253006376672
-9.602564102564102 4.3589743589743595 -20.853559755666506
-9.5 4.3589743589743595 -20.954178831984823
-13.5 4.794871794871795 -19.97086965700399
-13.397435897435898 4.794871794871795 -19.98293892242764
-13.294871794871796 4.794871794871795 -19.985274122504364
-13.192307692307692 4.794871794871795 -19.988695020855914
-13.08974358974359 4.794871794871795 -20.00081739967482
-12.987179487179487 4.794871794871795 -20.011712071537616
-12.884615384615385 4.794871794871795 -20.02398485864057
-12.782051282051283 4.794871794871795 -20.023951877388193
-12.679487179487179 4.794871794871795 -20.02180284712263
-12.576923076923077 4.794871794871795 -20.04274573554894
-12.474358974358974 4.794871794871795 -20.048533462798037
-12.371794871794872 4.794871794871795 -20.048716704285606
-12.26923076923077 4.794871794871795 -20.04960037301344
-12.166666666666666 4.794871794871795 -20.05606237785493
-12.064102564102564 4.794871794871795 -20.029287549482145
-11.961538461538462 4.794871794871795 -19.943686447641163
-11.85897435897436 4.794871794871795 -19.9571082055991
-11.756410256410255 4.794871794871795 -19.987347673535606
-11.653846153846153 4.794871794871795 -20.016625806885692
-11.551282051282051 4.794871794871795 -20.053409625675485
-11.448717948717949 4.794871794871795 -20.086697584716603
-11.346153846153847 4.794871794871795 -20.117365746166108
-11.243589743589745 4.794871794871795 -20.1489936260849
-11.14102564102564 4.794871794871795 -20.178159110754855
-11.038461538461538 4.794871794871795 -20.216243766337
-10.935897435897436 4.794871794871795 -20.25836614630849
-10.833333333333334 4.794871794871795 -20.300014333299735
-10.73076923076923 4.794871794871795 -20.332279227628124
-10.628205128205128 4.794871794871795 -20.366467793334365
-10.525641025641026 4.794871794871795 -20.41076765945153
-10.423076923076923 4.794871794871795 -20.443622073548624
-10.320512820512821 4.794871794871795 -20.492992236285772
-10.217948717948719 4.794871794871795 -20.546580382272662
-10.115384615384615 4.794871794871795 -20.595587096351835
-10.012820512820513 4.794871794871795 -20.648984298172955
-9.91025641025641 4.794871794871795 -20.69503760612924
-9.807692307692308 4.794871794871795 -20.746172907709216
-9.705128205128204 4.794871794871795 -20.821772169609105
-9.602564102564102 4.794871794871795 -20.875226905569264
-9.5 4.794871794871795 -20.94029324829095
-13.5 5.230769230769231 -20.05841312713982
-13.397435897435898 5.230769230769231 -20.06111652755866
-13.294871794871796 5.230769230769231 -20.075629786006264
-13.192307692307692 5.230769230769231 -20.0914775937479
-13.08974358974359 5.230769230769231 -20.098818162621264
-12.987179487179487 5.230769230769231 -20.094857824384967
-12.884615384615385 5.230769230769231 -20.09729665492829
-12.782051282051283 5.230769230769231 -20.107642386549102
-12.679487179487179 5.230769230769231 -20.109261605016897
-12.576923076923077 5.230769230769231 -20.11328848724245
-12.474358974358974 5.230769230769231 -20.108042767949613
-12.371794871794872 5.230769230769231 -20.11431727061069
-12.26923076923077 5.230769230769231 -20.091160494670888
-12.166666666666666 5.230769230769231 -19.990784511844552
-12.064102564102564 5.230769230769231 -20.01517655210288
-11.961538461538462 5.230769230769231 -20.04176039929135
-11.85897435897436 5.230769230769231 -20.06037540349957
-11.756410256410255 5.230769230769231 -20.096262207919384
-11.653846153846153 5.230769230769231 -20.129637583347463
-11.551282051282051 5.230769230769231 -20.161557271029043
-11.448717948717949 5.230769230769231 -20.18547027969398
-11.346153846153847 5.230769230769231 -20.21805392084624
-11.243589743589745 5.230769230769231 -20.25471014698964
-11.14102564102564 5.230769230769231 -20.28911381206639
-11.038461538461538 5.230769230769231 -20.323176969998947
-10.935897435897436 5.230769230769231 -20.357148957730992
-10.833333333333334 5.230769230769231 -20.394051735482563
-10.73076923076923 5.230769230769231 -20.433074427920186
-10.628205128205128 5.230769230769231 -20.462534137710534
-10.525641025641026 5.230769230769231 -20.50520633602968
-10.423076923076923 5.230769230769231 -20.537962617588768
-10.320512820512821 5.230769230769231 -20.583697942506205
-10.217948717948719 5.230769230769231 -20.62561246272437
-10.115384615384615 5.230769230769231 -20.671465362435203
-10.012820512820513 5.230769230769231 -20.72349169820806
-9.91025641025641 5.230769230769231 -20.770311710689697
-9.807692307692308 5.230769230769231 -20.820998375329363
-9.705128205128204 5.230769230769231 -20.862273148608573
-9.602564102564102 5.230769230769231 -20.91527815649085
-9.5 5.230769230769231 -20.981210419702304
-13.5 5.666666666666667 -20.142643624507187
-13.397435897435898 5.666666666666667 -20.154076309356416
-13.294871794871796 5.666666666666667 -20.16569492414763
-13.192307692307692 5.666666666666667 -20.162765700196086
-13.08974358974359 5.666666666666667 -20.165845315454597
-12.987179487179487 5.666666666666667 -20.179370707618652
-12.884615384615385 5.666666666666667 -20.182241180539798
-12.782051282051283 5.666666666666667 -20.179801935854556
-12.679487179487179 5.666666666666667 -20.17658218645063
-12.576923076923077 5.666666666666667 -20.17355028817154
-12.474358974358974 5.666666666666667 -20.14126078922688
-12.371794871794872 5.666666666666667 -20.043888176694303
-12.26923076923077 5.666666666666667 -20.06161241248864
-12.166666666666666 5.666666666666667 -20.090893543517353
-12.064102564102564 5.666666666666667 -20.112866821948785
-11.961538461538462 5.666666666666667 -20.14629856851995
-11.85897435897436 5.666666666666667 -20.173204558438268
-11.756410256410255 5.666666666666667 -20.199298192404388
-11.653846153846153 5.666666666666667 -20.219610751313425
-11.551282051282051 5.666666666666667 -20.252447867642104
-11.448717948717949 5.666666666666667 -20.286405609037402
-11.346153846153847 5.666666666666667 -20.31949542217149
-11.243589743589745 5.666666666666667 -20.34812865891268
-11.14102564102564 5.666666666666667 -20.383132125631175
-11.038461538461538 5.666666666666667 -20.417871068605095
-10.935897435897436 5.666666666666667 -20.44586408917116
-10.833333333333334 5.666666666666667 -20.47686795954429
-10.73076923076923 5.666666666666667 -20.515886964017295
-10.628205128205128 5.666666666666667 -20.550914551532216
-10.525641025641026 5.666666666666667 -20.59023805868081
-10.423076923076923 5.666666666666667 -20.627479532315938
-10.320512820512821 5.666666666666667 -20.66890683514628
-10.217948717948719 5.666666666666667 -20.70414123621641
-10.115384615384615 5.666666666666667 -20.746918608474964
-10.012820512820513 5.666666666666667 -20.78447123541204
-9.91025641025641 5.666666666666667 -20.829077796374783
-9.807692307692308 5.666666666666667 -20.883796339738307
-9.705128205128204 5.666666666666667 -20.93013199034248
-9.602564102564102 5.666666666666667 -20.982055150114576
-9.5 5.666666666666667 -21.017653367337417
-13.5 6.102564102564102 -20.215230084512346
-13.397435897435898 6.102564102564102 -20.21746970605022
-13.294871794871796 6.102564102564102 -20.227544519288173
-13.192307692307692 6.102564102564102 -20.236652865976104
-13.08974358974359 6.102564102564102 -20.24247889595299
-12.987179487179487 6.102564102564102 -20.24114107325334
-12.884615384615385 6.102564102564102 -20.237710056411252
-12.782051282051283 6.102564102564102 -20.237069893646865
-12.679487179487179 6.102564102564102 -20.18876352851207
-12.576923076923077 6.102564102564102 -20.09300238746095
-12.474358974358974 6.102564102564102 -20.114341055871396
-12.371794871794872 6.102564102564102 -20.13670988175408
-12.26923076923077 6.102564102564102 -20.15711582031782
-12.166666666666666 6.102564102564102 -20.185317081694272
-12.064102564102564 6.102564102564102 -20.208386194319463
-11.961538461538462 6.102564102564102 -20.23723186542938
-11.85897435897436 6.102564102564102 -20.261690178516734
-11.756410256410255 6.102564102564102 -20.29092620733454
-11.653846153846153 6.102564102564102 -20.317263372629913
-11.551282051282051 6.102564102564102 -20.348764690952056
-11.448717948717949 6.102564102564102 -20.373822328807304
-11.346153846153847 6.102564102564102 -20.40544075827101
-11.243589743589745 6.102564102564102 -20.432879116195192
-11.14102564102564 6.102564102564102 -20.465336870325757
-11.038461538461538 6.102564102564102 -20.491586410056016
-10.935897435897436 6.102564102564102 -20.529933067098803
-10.833333333333334 6.102564102564102 -20.56745940784848
-10.73076923076923 6.102564102564102 -20.596039799487613
-10.628205128205128 6.102564102564102 -20.629099099645657
-10.525641025641026 6.102564102564102 -20.667774566785216
-10.423076923076923 6.102564102564102 -20.70195303091403
-10.320512820512821 6.102564102564102 -20.74014409737341
-10.217948717948719 6.102564102564102 -20.77269655715145
-10.115384615384615 6.102564102564102 -20.81391539842263
-10.012820512820513 6.102564102564102 -20.85391104937336
-9.91025641025641 6.102564102564102 -20.894696891218626
-9.807692307692308 6.102564102564102 -20.936662850629503
-9.705128205128204 6.102564102564102 -20.973559331221935
-9.602564102564102 6.102564102564102 -21.020661840528877
-9.5 6.102564102564102 -21.060667295009196
-13.5 6.538461538461538 -20.275711876873483
-13.397435897435898 6.538461538461538 -20.28210786303578
-13.294871794871796 6.538461538461538 -20.287990294295593
-13.192307692307692 6.538461538461538 -20.28910830209767
-13.08974358974359 6.538461538461538 -20.292857262210788
-12.987179487179487 6.538461538461538 -20.288803986082254
-12.884615384615385 6.538461538461538 -20.225233128496164
-12.782051282051283 6.538461538461538 -20.143354005191316
-12.679487179487179 6.538461538461538 -20.163559478469914
-12.576923076923077 6.538461538461538 -20.186394956399454
-12.474358974358974 6.538461538461538 -20.21007790619016
-12.371794871794872 6.538461538461538 -20.22765915623029
-12.26923076923077 6.538461538461538 -20.25264914585945
-12.166666666666666 6.538461538461538 -20.27339107010726
-12.064102564102564 6.538461538461538 -20.29314916036491
-11.961538461538462 6.538461538461538 -20.320028473297985
-11.85897435897436 6.538461538461538 -20.3434372210668
-11.756410256410255 6.538461538461538 -20.37412158536988
-11.653846153846153 6.538461538461538 -20.40148568730321
-11.551282051282051 6.538461538461538 -20.431132993433312
-11.448717948717949 6.538461538461538 -20.453328611760583
-11.346153846153847 6.538461538461538 -20.485312954966542
-11.243589743589745 6.538461538461538 -20.505429184409017
-11.14102564102564 6.538461538461538 -20.540877533850473
-11.038461538461538 6.538461538461538 -20.57257524903249
-10.935897435897436 6.538461538461538 -20.603695315862076
-10.833333333333334 6.538461538461538 -20.631805450457943
-10.73076923076923 6.538461538461538 -20.671973882707306
-10.628205128205128 6.538461538461538 -20.70507095584008
-10.525641025641026 6.538461538461538 -20.73694351823093
-10.423076923076923 6.538461538461538 -20.76478042770833
-10.320512820512821 6.538461538461538 -20.801185901047393
-10.217948717948719 6.538461538461538 -20.837170543689737
-10.115384615384615 6.538461538461538 -20.876412699475694
-10.012820512820513 6.538461538461538 -20.91349013387108
-9.91025641025641 6.538461538461538 -20.949450095067945
-9.807692307692308 6.538461538461538 -20.984598625070372
-9.705128205128204 6.538461538461538 -21.020916317780866
-9.602564102564102 6.538461538461538 -21.05520499869582
-9.5 6.538461538461538 -21.084373782373248
-13.5 6.9743589743589745 -20.337184059145073
-13.397435897435898 6.9743589743589745 -20.338971636435907
-13.294871794871796 6.9743589743589745 -20.335675206939083
-13.192307692307692 6.9743589743589745 -20.329204299837322
-13.08974358974359 6.9743589743589745 -20.24669214788458
-12.987179487179487 6.9743589743589745 -20.185576762440956
-12.884615384615385 6.9743589743589745 -20.20945466050095
-12.782051282051283 6.9743589743589745 -20.23108406016614
-12.679487179487179 6.9743589743589745 -20.252429444896737
-12.576923076923077 6.9743589743589745 -20.271159809035524
-12.474358974358974 6.9743589743589745 -20.29434000614644
-12.371794871794872 6.9743589743589745 -20.31288082309955
-12.26923076923077 6.9743589743589745 -20.33699588698038
-12.166666666666666 6.9743589743589745 -20.355514002038504
-12.064102564102564 6.9743589743589745 -20.378755410814662
-11.961538461538462 6.9743589743589745 -20.40112655959628
-11.85897435897436 6.9743589743589745 -20.42600897548067
-11.756410256410255 6.9743589743589745 -20.450260581723946
-11.653846153846153 6.9743589743589745 -20.471712686886264
-11.551282051282051 6.9743589743589745 -20.49878742610173
-11.448717948717949 6.9743589743589745 -20.526929838580262
-11.346153846153847 6.9743589743589745 -20.559946479847657
-11.243589743589745 6.9743589743589745 -20.583885556566774
-11.14102564102564 6.9743589743589745 -20.609406618543392
-11.038461538461538 6.9743589743589745 -20.63620427658452
-10.935897435897436 6.9743589743589745 -20.671066836313397
-10.833333333333334 6.9743589743589745 -20.697994502711
-10.73076923076923 6.9743589743589745 -20.732217358050708
-10.628205128205128 6.9743589743589745 -20.75744091782346
-10.525641025641026 6.9743589743589745 -20.794466725840113
-10.423076923076923 6.9743589743589745 -20.833006850719453
-10.320512820512821 6.9743589743589745 -20.86683674726019
-10.217948717948719 6.9743589743589745 -20.894669553683478
-10.115384615384615 6.9743589743589745 -20.925078774554315
-10.012820512820513 6.9743589743589745 -20.95782388449527
-9.91025641025641 6.9743589743589745 -20.99444807069571
-9.807692307692308 6.9743589743589745 -21.025818858268586
-9.705128205128204 6.9743589743589745 -21.055416411035527
-9.602564102564102 6.9743589743589745 -21.078801290995255
-9.5 6.9743589743589745 -21.103057959206115
-13.5 7.410256410256411 -20.38641910768626
-13.397435897435898 7.410256410256411 -20.37352176903718
-13.294871794871796 7.410256410256411 -20.268011941949577
-13.192307692307692 7.410256410256411 -20.22587809182538
-13.08974358974359 7.410256410256411 -20.244154777582718
-12.987179487179487 7.410256410256411 -20.26309127855353
-12.884615384615385 7.410256410256411 -20.284938827882115
-12.782051282051283 7.410256410256411 -20.305087484904753
-12.679487179487179 7.410256410256411 -20.32981614242771
-12.576923076923077 7.410256410256411 -20.348483281901057
-12.474358974358974 7.410256410256411 -20.371816899110854
-12.371794871794872 7.410256410256411 -20.391523985348062
-12.26923076923077 7.410256410256411 -20.41135570355966
-12.166666666666666 7.410256410256411 -20.43421414199492
-12.064102564102564 7.410256410256411 -20.460635502314382
-11.961538461538462 7.410256410256411 -20.47736789927437
-11.85897435897436 7.410256410256411 -20.495497039292204
-11.756410256410255 7.410256410256411 -20.519743998674834
-11.653846153846153 7.410256410256411 -20.543896499955952
-11.551282051282051 7.410256410256411 -20.569364773986717
-11.448717948717949 7.410256410256411 -20.591799830146687
-11.346153846153847 7.410256410256411 -20.616513410813106
-11.243589743589745 7.410256410256411 -20.647693041692555
-11.14102564102564 7.410256410256411 -20.680532410844446
-11.038461538461538 7.410256410256411 -20.704029518078016
-10.935897435897436 7.410256410256411 -20.732417668708845
-10.833333333333334 7.410256410256411 -20.753718062951926
-10.73076923076923 7.410256410256411 -20.786380559190583
-10.628205128205128 7.410256410256411 -20.81736355738991
-10.525641025641026 7.410256410256411 -20.850390502116323
-10.423076923076923 7.410256410256411 -20.874716023248116
-10.320512820512821 7.410256410256411 -20.911660892247962
-10.217948717948719 7.410256410256411 -20.945556934754126
-10.115384615384615 7.410256410256411 -20.975136722623052
-10.012820512820513 7.410256410256411 -21.000043899236715
-9.91025641025641 7.410256410256411 -21.02183865667038
-9.807692307692308 7.410256410256411 -21.044331476926338
-9.705128205128204 7.410256410256411 -21.074466079067857
-9.602564102564102 7.410256410256411 -21.106704878700363
-9.5 7.410256410256411 -21.14983609548666
-13.5 7.846153846153847 -20.292504006175278
-13.397435897435898 7.846153846153847 -20.271055409179663
-13.294871794871796 7.846153846153847 -20.285030836847547
-13.192307692307692 7.846153846153847 -20.30121985700117
-13.08974358974359 7.846153846153847 -20.32195315642633
-12.987179487179487 7.846153846153847 -20.341010032911093
-12.884615384615385 7.846153846153847 -20.358949929006627
-12.782051282051283 7.846153846153847 -20.375279367114608
-12.679487179487179 7.846153846153847 -20.39610982695674
-12.576923076923077 7.846153846153847 -20.41902678141733
-12.474358974358974 7.846153846153847 -20.44151019167111
-12.371794871794872 7.846153846153847 -20.463740686018607
-12.26923076923077 7.846153846153847 -20.485789189387383
-12.166666666666666 7.846153846153847 -20.505859717842085
-12.064102564102564 7.846153846153847 -20.523827639024706
-11.961538461538462 7.846153846153847 -20.54286545520211
-11.85897435897436 7.846153846153847 -20.56951209730156
-11.756410256410255 7.846153846153847 -20.589756162544106
-11.653846153846153 7.846153846153847 -20.609306364849406
-11.551282051282051 7.846153846153847 -20.632048607652926
-11.448717948717949 7.846153846153847 -20.654668701763804
-11.346153846153847 7.846153846153847 -20.683428072176323
-11.243589743589745 7.846153846153847 -20.704154810001732
-11.14102564102564 7.846153846153847 -20.72771534952283
-11.038461538461538 7.846153846153847 -20.75730639762081
-10.935897435897436 7.846153846153847 -20.78978508694987
-10.833333333333334 7.846153846153847 -20.81611352397788
-10.73076923076923 7.846153846153847 -20.846236682646346
-10.628205128205128 7.846153846153847 -20.86812520824752
-10.525641025641026 7.846153846153847 -20.895733608829595
-10.423076923076923 7.846153846153847 -20.92243240551022
-10.320512820512821 7.846153846153847 -20.949241006721472
-10.217948717948719 7.846153846153847 -20.97210136745757
-10.115384615384615 7.846153846153847 -21.002436846175787
-10.012820512820513 7.846153846153847 -21.02658523836355
-9.91025641025641 7.846153846153847 -21.04689544675184
-9.807692307692308 7.846153846153847 -21.078024269620894
-9.705128205128204 7.846153846153847 -21.11425841056979
-9.602564102564102 7.846153846153847 -21.15951758982477
-9.5 7.846153846153847 -21.21471188241814
-13.5 8.282051282051283 -20.32104792174096
-13.397435897435898 8.282051282051283 -20.33945116887228
-13.294871794871796 8.282051282051283 -20.358892435955994
-13.192307692307692 8.282051282051283 -20.37927424410883
-13.08974358974359 8.282051282051283 -20.3945087201053
-12.987179487179487 8.282051282051283 -20.407935089706925
-12.884615384615385 8.282051282051283 -20.425620423501538
-12.782051282051283 8.282051282051283 -20.445069290076233
-12.679487179487179 8.282051282051283 -20.4616981258214
-12.576923076923077 8.282051282051283 -20.48268467325748
-12.474358974358974 8.282051282051283 -20.503551931123955
-12.371794871794872 8.282051282051283 -20.525960289277204
-12.26923076923077 8.282051282051283 -20.545931500174238
-12.166666666666666 8.282051282051283 -20.566870323194614
-12.064102564102564 8.282051282051283 -20.589038151423313
-11.961538461538462 8.282051282051283 -20.61193292276963
-11.85897435897436 8.282051282051283 -20.63038989970666
-11.756410256410255 8.282051282051283 -20.648651684554757
-11.653846153846153 8.282051282051283 -20.67432626659888
-11.551282051282051 8.282051282051283 -20.697122102214635
-11.448717948717949 8.282051282051283 -20.71534201691646
-11.346153846153847 8.282051282051283 -20.737777946913422
-11.243589743589745 8.282051282051283 -20.760686408385343
-11.14102564102564 8.282051282051283 -20.785229686991112
-11.038461538461538 8.282051282051283 -20.811188872511867
-10.935897435897436 8.282051282051283 -20.83523641537664
-10.833333333333334 8.282051282051283 -20.86286076244241
-10.73076923076923 8.282051282051283 -20.893600721341713
-10.628205128205128 8.282051282051283 -20.916979113034223
-10.525641025641026 8.282051282051283 -20.940609601969896
-10.423076923076923 8.282051282051283 -20.9590874637709
-10.320512820512821 8.282051282051283 -20.97855148848305
-10.217948717948719 8.282051282051283 -20.99852218312913
-10.115384615384615 8.282051282051283 -21.01751955404299
-10.012820512820513 8.282051282051283 -21.046162561185163
-9.91025641025641 8.282051282051283 -21.08982657651769
-9.807692307692308 8.282051282051283 -21.137646495503056
-9.705128205128204 8.282051282051283 -21.18301767272753
-9.602564102564102 8.282051282051283 -21.227081615078525
-9.5 8.282051282051283 -21.270661124215817
-13.5 8.717948717948719 -20.385115153358463
-13.397435897435898 8.717948717948719 -20.40486330075025
-13.294871794871796 8.717948717948719 -20.421684274136943
-13.192307692307692 8.717948717948719 -20.440265482843383
-13.08974358974359 8.717948717948719 -20.456511395064027
-12.987179487179487 8.717948717948719 -20.476989484717528
-12.884615384615385 8.717948717948719 -20.493761829651337
-12.782051282051283 8.717948717948719 -20.509062802938114
-12.679487179487179 8.717948717948719 -20.52612309797699
-12.576923076923077 8.717948717948719 -20.546715789065075
-12.474358974358974 8.717948717948719 -20.561720541615465
-12.371794871794872 8.717948717948719 -20.581618065224937
-12.26923076923077 8.717948717948719 -20.604179249809633
-12.166666666666666 8.717948717948719 -20.626386098831116
-12.064102564102564 8.717948717948719 -20.64446348647958
-11.961538461538462 8.717948717948719 -20.666721599220995
-11.85897435897436 8.717948717948719 -20.69027860773167
-11.756410256410255 8.717948717948719 -20.71134931333685
-11.653846153846153 8.717948717948719 -20.730319208983154
-11.551282051282051 8.717948717948719 -20.749397286289295
-11.448717948717949 8.717948717948719 -20.773794527201638
-11.346153846153847 8.717948717948719 -20.796333695114857
-11.243589743589745 8.717948717948719 -20.817026211319074
-11.14102564102564 8.717948717948719 -20.83972736161319
-11.038461538461538 8.717948717948719 -20.860999459585994
-10.935897435897436 8.717948717948719 -20.883879610857893
-10.833333333333334 8.717948717948719 -20.908003193216818
-10.73076923076923 8.717948717948719 -20.92480393798411
-10.628205128205128 8.717948717948719 -20.94807183039854
-10.525641025641026 8.717948717948719 -20.96916944159782
-10.423076923076923 8.717948717948719 -20.985806816301174
-10.320512820512821 8.717948717948719 -21.007021274786823
-10.217948717948719 8.717948717948719 -21.02959441582299
-10.115384615384615 8.717948717948719 -21.063184784783616
-10.012820512820513 8.717948717948719 -21.105949773112563
-9.91025641025641 8.717948717948719 -21.14800346322202
-9.807692307692308 8.717948717948719 -21.19034947867557
-9.705128205128204 8.717948717948719 -21.234637771583923
-9.602564102564102 8.717948717948719 -21.282882034182375
-9.5 8.717948717948719 -21.32963210185359
-13.5 9.153846153846153 -20.449757052262658
-13.397435897435898 9.153846153846153 -20.463835872496194
-13.294871794871796 9.153846153846153 -20.478338463055323
-13.192307692307692 9.153846153846153 -20.496875873878814
-13.08974358974359 9.153846153846153 -20.515654482986115
-12.987179487179487 9.153846153846153 -20.535218402617307
-12.884615384615385 9.153846153846153 -20.552938353387965
-12.782051282051283 9.153846153846153 -20.572064608590217
-12.679487179487179 9.153846153846153 -20.588068930164617
-12.576923076923077 9.153846153846153 -20.604702147112015
-12.474358974358974 9.153846153846153 -20.622483513137166
-12.371794871794872 9.153846153846153 -20.64340258738492
-12.26923076923077 9.153846153846153 -20.65700645964269
-12.166666666666666 9.153846153846153 -20.678114930124295
-12.064102564102564 9.153846153846153 -20.70024879369841
-11.961538461538462 9.153846153846153 -20.71998038002806
-11.85897435897436 9.153846153846153 -20.74032138812872
-11.756410256410255 9.153846153846153 -20.762765124259293
-11.653846153846153 9.153846153846153 -20.78402208097909
-11.551282051282051 9.153846153846153 -20.805378688232842
-11.448717948717949 9.153846153846153 -20.82697338515957
-11.346153846153847 9.153846153846153 -20.847935516072276
-11.243589743589745 9.153846153846153 -20.869563229756963
-11.14102564102564 9.153846153846153 -20.892076150223797
-11.038461538461538 9.153846153846153 -20.90865243441759
-10.935897435897436 9.153846153846153 -20.924656037114588
-10.833333333333334 9.153846153846153 -20.942882319788023
-10.73076923076923 9.153846153846153 -20.959767817450395
-10.628205128205128 9.153846153846153 -20.973994821777715
-10.525641025641026 9.153846153846153 -20.98715927951606
-10.423076923076923 9.153846153846153 -21.01581770329304
-10.320512820512821 9.153846153846153 -21.05125076540176
-10.217948717948719 9.153846153846153 -21.09163317779094
-10.115384615384615 9.153846153846153 -21.13117723536936
-10.012820512820513 9.153846153846153 -21.167045073228984
-9.91025641025641 9.153846153846153 -21.202274358388557
-9.807692307692308 9.153846153846153 -21.24519249880921
-9.705128205128204 9.153846153846153 -21.287524674785264
-9.602564102564102 9.153846153846153 -21.331014154789653
-9.5 9.153846153846153 -21.373406633320627
-13.5 9.58974358974359 -20.50649440122114
-13.397435897435898 9.58974358974359 -20.521954164319414
-13.294871794871796 9.58974358974359 -20.539836865945908
-13.192307692307692 9.58974358974359 -20.555027913261906
-13.08974358974359 9.58974358974359 -20.57045401549802
-12.987179487179487 9.58974358974359 -20.58716679576724
-12.884615384615385 9.58974358974359 -20.60691887886484
-12.782051282051283 9.58974358974359 -20.625776519518094
-12.679487179487179 9.58974358974359 -20.64473822783696
-12.576923076923077 9.58974358974359 -20.663641826576015
-12.474358974358974 9.58974358974359 -20.679626998651365
-12.371794871794872 9.58974358974359 -20.69635242779705
-12.26923076923077 9.58974358974359 -20.71387321905007
-12.166666666666666 9.58974358974359 -20.73247813195096
-12.064102564102564 9.58974358974359 -20.750862277590667
-11.961538461538462 9.58974358974359 -20.768923857174844
-11.85897435897436 9.58974358974359 -20.790328614932402
-11.756410256410255 9.58974358974359 -20.80943736752622
-11.653846153846153 9.58974358974359 -20.832012654148752
-11.551282051282051 9.58974358974359 -20.85359750764896
-11.448717948717949 9.58974358974359 -20.87608643468107
-11.346153846153847 9.58974358974359 -20.895797050412156
-11.243589743589745 9.58974358974359 -20.91472532099211
-11.14102564102564 9.58974358974359 -20.92960793116594
-11.038461538461538 9.58974358974359 -20.946931289809676
-10.935897435897436 9.58974358974359 -20.96432305655717
-10.833333333333334 9.58974358974359 -20.973079832721755
-10.73076923076923 9.58974358974359 -20.98556884823691
-10.628205128205128 9.58974358974359 -21.009660269245085
-10.525641025641026 9.58974358974359 -21.04159077443472
-10.423076923076923 9.58974358974359 -21.076563769548294
-10.320512820512821 9.58974358974359 -21.10875358690822
-10.217948717948719 9.58974358974359 -21.14630167769834
-10.115384615384615 9.58974358974359 -21.1836135914274
-10.012820512820513 9.58974358974359 -21.224372508383556
-9.91025641025641 9.58974358974359 -21.262499834397566
-9.807692307692308 9.58974358974359 -21.30211029107886
-9.705128205128204 9.58974358974359 -21.3356636107008
-9.602564102564102 9.58974358974359 -21.377961693533422
-9.5 9.58974358974359 -21.419851466203625
-13.5 10.025641025641026 -20.563321041827134
-13.397435897435898 10.025641025641026 -20.57823490350855
-13.294871794871796 10.025641025641026 -20.59353143905813
-13.192307692307692 10.025641025641026 -20.608863171124415
-13.08974358974359 10.025641025641026 -20.627047146964212
-12.987179487179487 10.025641025641026 -20.64158874607371
-12.884615384615385 10.025641025641026 -20.658455695381956
-12.782051282051283 10.025641025641026 -20.675507921412724
-12.679487179487179 10.025641025641026 -20.692128005402527
-12.576923076923077 10.025641025641026 -20.712700151382133
-12.474358974358974 10.025641025641026 -20.73202874749808
-12.371794871794872 10.025641025641026 -20.749288341288402
-12.26923076923077 10.025641025641026 -20.768067372692478
-12.166666666666666 10.025641025641026 -20.78392093461236
-12.064102564102564 10.025641025641026 -20.80092206827543
-11.961538461538462 10.025641025641026 -20.82086246480612
-11.85897435897436 10.025641025641026 -20.839119596441304
-11.756410256410255 10.025641025641026 -20.856107206633876
-11.653846153846153 10.025641025641026 -20.87806588828503
-11.551282051282051 10.025641025641026 -20.895118845619113
-11.448717948717949 10.025641025641026 -20.915151697545586
-11.346153846153847 10.025641025641026 -20.9340001134805
-11.243589743589745 10.025641025641026 -20.950636916471378
-11.14102564102564 10.025641025641026 -20.964139250476197
-11.038461538461538 10.025641025641026 -20.972878569303397
-10.935897435897436 10.025641025641026 -20.98655243189906
-10.833333333333334 10.025641025641026 -21.012942723168532
-10.73076923076923 10.025641025641026 -21.045322230384922
-10.628205128205128 10.025641025641026 -21.073638283351844
-10.525641025641026 10.025641025641026 -21.104359990802415
-10.423076923076923 10.025641025641026 -21.136511684051634
-10.320512820512821 10.025641025641026 -21.167772851906026
-10.217948717948719 10.025641025641026 -21.203660881414674
-10.115384615384615 10.025641025641026 -21.23578977874043
-10.012820512820513 10.025641025641026 -21.272779924294255
-9.91025641025641 10.025641025641026 -21.31012787577866
-9.807692307692308 10.025641025641026 -21.351956971744652
-9.705128205128204 10.025641025641026 -21.388368451158655
-9.602564102564102 10.025641025641026 -21.429149345989174
-9.5 10.025641025641026 -21.462179547989315
-13.5 10.461538461538462 -20.61977976807952
-13.397435897435898 10.461538461538462 -20.634072151617726
-13.294871794871796 10.461538461538462 -20.646705572057066
-13.192307692307692 10.461538461538462 -20.66217946965973
-13.08974358974359 10.461538461538462 -20.679477737428392
-12.987179487179487 10.461538461538462 -20.693861956727904
-12.884615384615385 10.461538461538462 -20.709016951318866
-12.782051282051283 10.461538461538462 -20.72580996713134
-12.679487179487179 10.461538461538462 -20.74230063631223
-12.576923076923077 10.461538461538462 -20.757955466135012
-12.474358974358974 10.461538461538462 -20.77744614182013
-12.371794871794872 10.461538461538462 -20.796736623927924
-12.26923076923077 10.461538461538462 -20.814248805576867
-12.166666666666666 10.461538461538462 -20.832399156003508
-12.064102564102564 10.461538461538462 -20.851368371101074
-11.961538461538462 10.461538461538462 -20.866647602639556
-11.85897435897436 10.461538461538462 -20.884271273261074
-11.756410256410255 10.461538461538462 -20.9013079383188
-11.653846153846153 10.461538461538462 -20.919361761612382
-11.551282051282051 10.461538461538462 -20.93354644673335
-11.448717948717949 10.461538461538462 -20.949539133302526
-11.346153846153847 10.461538461538462 -20.960497435027772
-11.243589743589745 10.461538461538462 -20.97232263867518
-11.14102564102564 10.461538461538462 -20.988598377051062
-11.038461538461538 10.461538461538462 -21.01477725634471
-10.935897435897436 10.461538461538462 -21.043957368089437
-10.833333333333334 10.461538461538462 -21.07103034012517
-10.73076923076923 10.461538461538462 -21.101599602486345
-10.628205128205128 10.461538461538462 -21.133610352238453
-10.525641025641026 10.461538461538462 -21.167043602860417
-10.423076923076923 10.461538461538462 -21.194993519044218
-10.320512820512821 10.461538461538462 -21.225788199568115
-10.217948717948719 10.461538461538462 -21.257600288119704
-10.115384615384615 10.461538461538462 -21.28998507585544
-10.012820512820513 10.461538461538462 -21.324868286714665
-9.91025641025641 10.461538461538462 -21.35760310661644
-9.807692307692308 10.461538461538462 -21.394038108495014
-9.705128205128204 10.461538461538462 -21.432406860044743
-9.602564102564102 10.461538461538462 -21.475127484329455
-9.5 10.461538461538462 -21.510953678490974
-13.5 10.897435897435898 -20.670869171247226
-13.397435897435898 10.897435897435898 -20.686386077730006
-13.294871794871796 10.897435897435898 -20.700421891624632
-13.192307692307692 10.897435897435898 -20.715179401205763
-13.08974358974359 10.897435897435898 -20.72651606054804
-12.987179487179487 10.897435897435898 -20.743623191859825
-12.884615384615385 10.897435897435898 -20.759516115148593
-12.782051282051283 10.897435897435898 -20.773879806619462
-12.679487179487179 10.897435897435898 -20.79131812644868
-12.576923076923077 10.897435897435898 -20.806300976149405
-12.474358974358974 10.897435897435898 -20.821922969168654
-12.371794871794872 10.897435897435898 -20.83801018059529
-12.26923076923077 10.897435897435898 -20.856917784986106
-12.166666666666666 10.897435897435898 -20.873905766108802
-12.064102564102564 10.897435897435898 -20.893378633783083
-11.961538461538462 10.897435897435898 -20.910252707896237
-11.85897435897436 10.897435897435898 -20.928012865011578
-11.756410256410255 10.897435897435898 -20.940255489532515
-11.653846153846153 10.897435897435898 -20.952215275938016
-11.551282051282051 10.897435897435898 -20.96381448702303
-11.448717948717949 10.897435897435898 -20.974361927503892
-11.346153846153847 10.897435897435898 -20.98824866098984
-11.243589743589745 10.897435897435898 -21.012128401321167
-11.14102564102564 10.897435897435898 -21.040555570870794
-11.038461538461538 10.897435897435898 -21.067975683242643
-10.935897435897436 10.897435897435898 -21.099234008138883
-10.833333333333334 10.897435897435898 -21.13002760047297
-10.73076923076923 10.897435897435898 -21.160570107630686
-10.628205128205128 10.897435897435898 -21.187931172887307
-10.525641025641026 10.897435897435898 -21.217669210993783
-10.423076923076923 10.897435897435898 -21.24966789770221
-10.320512820512821 10.897435897435898 -21.28419024786993
-10.217948717948719 10.897435897435898 -21.312396280786754
-10.115384615384615 10.897435897435898 -21.34198392187241
-10.012820512820513 10.897435897435898 -21.37464558231303
-9.91025641025641 10.897435897435898 -21.406990892580367
-9.807692307692308 10.897435897435898 -21.441291847240844
-9.705128205128204 10.897435897435898 -21.474925596584622
-9.602564102564102 10.897435897435898 -21.510428826514584
-9.5 10.897435897435898 -21.550413416954235
-13.5 11.333333333333334 -20.72207709152584
-13.397435897435898 11.333333333333334 -20.735581881394207
-13.294871794871796 11.333333333333334 -20.747909506520248
-13.192307692307692 11.333333333333334 -20.763109713831042
-13.08974358974359 11.333333333333334 -20.778340675533062
-12.987179487179487 11.333333333333334 -20.792829266426978
-12.884615384615385 11.333333333333334 -20.806136377844826
-12.782051282051283 11.333333333333334 -20.821201334911596
-12.679487179487179 11.333333333333334 -20.834992882935953
-12.576923076923077 11.333333333333334 -20.85061277252713
-12.474358974358974 11.333333333333334 -20.868494474907664
-12.371794871794872 11.333333333333334 -20.882207106505533
-12.26923076923077 11.333333333333334 -20.89952472770764
-12.166666666666666 11.333333333333334 -20.91312805918502
-12.064102564102564 11.333333333333334 -20.929726271411322
-11.961538461538462 11.333333333333334 -20.943886155175832
-11.85897435897436 11.333333333333334 -20.958709148743264
-11.756410256410255 11.333333333333334 -20.969780790623286
-11.653846153846153 11.333333333333334 -20.980533295297107
-11.551282051282051 11.333333333333334 -20.99357704062385
-11.448717948717949 11.333333333333334 -21.0151472289579
-11.346153846153847 11.333333333333334 -21.042571975200165
-11.243589743589745 11.333333333333334 -21.069432493504152
-11.14102564102564 11.333333333333334 -21.09583158888792
-11.038461538461538 11.333333333333334 -21.12299398762348
-10.935897435897436 11.333333333333334 -21.1517596862217
-10.833333333333334 11.333333333333334 -21.18071073475848
-10.73076923076923 11.333333333333334 -21.211424122346408
-10.628205128205128 11.333333333333334 -21.242066965624193
-10.525641025641026 11.333333333333334 -21.272591236088164
-10.423076923076923 11.333333333333334 -21.300601465991118
-10.320512820512821 11.333333333333334 -21.330940276133752
-10.217948717948719 11.333333333333334 -21.36036854256056
-10.115384615384615 11.333333333333334 -21.395396014516418
-10.012820512820513 11.333333333333334 -21.425267288816716
-9.91025641025641 11.333333333333334 -21.454201647244084
-9.807692307692308 11.333333333333334 -21.487361228292983
-9.705128205128204 11.333333333333334 -21.518702849083276
-9.602564102564102 11.333333333333334 -21.55496028964958
-9.5 11.333333333333334 -21.588826469283067
-13.5 11.76923076923077 -20.769210770101274
-13.397435897435898 11.76923076923077 -20.78175287423106
-13.294871794871796 11.76923076923077 -20.79597514915709
-13.192307692307692 11.76923076923077 -20.81015312127872
-13.08974358974359 11.76923076923077 -20.82450043279018
-12.987179487179487 11.76923076923077 -20.83844215602203
-12.884615384615385 11.76923076923077 -20.85253349289839
-12.782051282051283 11.76923076923077 -20.867069958157
-12.679487179487179 11.76923076923077 -20.880245713403557
-12.576923076923077 11.76923076923077 -20.89506597622206
-12.474358974358974 11.76923076923077 -20.908822923669856
-12.371794871794872 11.76923076923077 -20.923442524041207
-12.26923076923077 11.76923076923077 -20.937984859154014
-12.166666666666666 11.76923076923077 -20.949428330701036
-12.064102564102564 11.76923076923077 -20.961049782331724
-11.961538461538462 11.76923076923077 -20.96998108100783
-11.85897435897436 11.76923076923077 -20.980993565615222
-11.756410256410255 11.76923076923077 -20.99774467847916
-11.653846153846153 11.76923076923077 -21.02145341759215
-11.551282051282051 11.76923076923077 -21.047204782228548
-11.448717948717949 11.76923076923077 -21.073770859267757
-11.346153846153847 11.76923076923077 -21.098036483755628
-11.243589743589745 11.76923076923077 -21.122408747227247
-11.14102564102564 11.76923076923077 -21.149069955522616
-11.038461538461538 11.76923076923077 -21.17602368069879
-10.935897435897436 11.76923076923077 -21.202372457995292
-10.833333333333334 11.76923076923077 -21.230563845710225
-10.73076923076923 11.76923076923077 -21.259903599530286
-10.628205128205128 11.76923076923077 -21.288797461897385
-10.525641025641026 11.76923076923077 -21.318451759904487
-10.423076923076923 11.76923076923077 -21.349106160193447
-10.320512820512821 11.76923076923077 -21.379945545290592
-10.217948717948719 11.76923076923077 -21.409890131892002
-10.115384615384615 11.76923076923077 -21.439625271154775
-10.012820512820513 11.76923076923077 -21.46858454688445
-9.91025641025641 11.76923076923077 -21.502934232700962
-9.807692307692308 11.76923076923077 -21.534094893162546
-9.705128205128204 11.76923076923077 -21.56236686901252
-9.602564102564102 11.76923076923077 -21.59581857980152
-9.5 11.76923076923077 -21.627406160697486
-13.5 12.205128205128204 -20.81264126290879
-13.397435897435898 12.205128205128204 -20.82736646377783
-13.294871794871796 12.205128205128204 -20.841281469165377
-13.192307692307692 12.205128205128204 -20.854240230900032
-13.08974358974359 12.205128205128204 -20.86718892048671
-12.987179487179487 12.205128205128204 -20.881372483845077
-12.884615384615385 12.205128205128204 -20.8965008616417
-12.782051282051283 12.205128205128204 -20.908876489622045
-12.679487179487179 12.205128205128204 -20.923810128648444
-12.576923076923077 12.205128205128204 -20.936474716488586
-12.474358974358974 12.205128205128204 -20.947973568622643
-12.371794871794872 12.205128205128204 -20.958009044898983
-12.26923076923077 12.205128205128204 -20.96800032750068
-12.166666666666666 12.205128205128204 -20.97681426680812
-12.064102564102564 12.205128205128204 -20.987202382392606
-11.961538461538462 12.205128205128204 -21.00253173912546
-11.85897435897436 12.205128205128204 -21.02384600279799
-11.756410256410255 12.205128205128204 -21.047876114085827
-11.653846153846153 12.205128205128204 -21.072671801092554
-11.551282051282051 12.205128205128204 -21.09824476235284
-11.448717948717949 12.205128205128204 -21.124447106598858
-11.346153846153847 12.205128205128204 -21.15008136808552
-11.243589743589745 12.205128205128204 -21.176696030356432
-11.14102564102564 12.205128205128204 -21.2020496090642
-11.038461538461538 12.205128205128204 -21.225567509255953
-10.935897435897436 12.205128205128204 -21.252242147734233
-10.833333333333334 12.205128205128204 -21.28017881251925
-10.73076923076923 12.205128205128204 -21.305719244113654
-10.628205128205128 12.205128205128204 -21.33415885747574
-10.525641025641026 12.205128205128204 -21.364108870364046
-10.423076923076923 12.205128205128204 -21.392970416151666
-10.320512820512821 12.205128205128204 -21.42160262677138
-10.217948717948719 12.205128205128204 -21.45369762454716
-10.115384615384615 12.205128205128204 -21.484417958757415
-10.012820512820513 12.205128205128204 -21.513880318167335
-9.91025641025641 12.205128205128204 -21.542860970095976
-9.807692307692308 12.205128205128204 -21.57294642950091
-9.705128205128204 12.205128205128204 -21.606722380791165
-9.602564102564102 12.205128205128204 -21.639851929724646
-9.5 12.205128205128204 -21.667500530711504
-13.5 12.64102564102564 -20.855577733505186
-13.397435897435898 12.64102564102564 -20.868903368000574
-13.294871794871796 12.64102564102564 -20.881036229702612
-13.192307692307692 12.64102564102564 -20.896440916079047
-13.08974358974359 12.64102564102564 -20.911024481137137
-12.987179487179487 12.64102564102564 -20.923338411054484
-12.884615384615385 12.64102564102564 -20.935788541663744
-12.782051282051283 12.64102564102564 -20.948428250617713
-12.679487179487179 12.64102564102564 -20.960203920578145
-12.576923076923077 12.64102564102564 -20.97025507538322
-12.474358974358974 12.64102564102564 -20.98108053088038
-12.371794871794872 12.64102564102564 -20.98713282006015
-12.26923076923077 12.64102564102564 -20.995521973585305
-12.166666666666666 12.64102564102564 -21.009450116365556
-12.064102564102564 12.64102564102564 -21.029949956892313
-11.961538461538462 12.64102564102564 -21.0532316744038
-11.85897435897436 12.64102564102564 -21.07683112895033
-11.756410256410255 12.64102564102564 -21.100583442753827
-11.653846153846153 12.64102564102564 -21.123689457194747
-11.551282051282051 12.64102564102564 -21.14712072754389
-11.448717948717949 12.64102564102564 -21.17165938917552
-11.346153846153847 12.64102564102564 -21.197909590679632
-11.243589743589745 12.64102564102564 -21.224405923892657
-11.14102564102564 12.64102564102564 -21.24988221358206
-11.038461538461538 12.64102564102564 -21.276812620245323
-10.935897435897436 12.64102564102564 -21.301947575623117
-10.833333333333334 12.64102564102564 -21.32644631906399
-10.73076923076923 12.64102564102564 -21.352548678276307
-10.628205128205128 12.64102564102564 -21.380654517456648
-10.525641025641026 12.64102564102564 -21.40584228688188
-10.423076923076923 12.64102564102564 -21.435325107447998
-10.320512820512821 12.64102564102564 -21.464922981408407
-10.217948717948719 12.64102564102564 -21.493058121312533
-10.115384615384615 12.64102564102564 -21.521761751928242
-10.012820512820513 12.64102564102564 -21.55442231171191
-9.91025641025641 12.64102564102564 -21.584823044754888
-9.807692307692308 12.64102564102564 -21.615153772608565
-9.705128205128204 12.64102564102564 -21.644384843295843
-9.602564102564102 12.64102564102564 -21.67462365555646
-9.5 12.64102564102564 -21.707362071371723
-13.5 13.076923076923077 -20.902497283091396
-13.397435897435898 13.076923076923077 -20.908421207040714
-13.294871794871796 13.076923076923077 -20.921711127100483
-13.192307692307692 13.076923076923077 -20.935978852121995
-13.08974358974359 13.076923076923077 -20.947863803018766
-12.987179487179487 13.076923076923077 -20.961619569016204
-12.884615384615385 13.076923076923077 -20.973019177105225
-12.782051282051283 13.076923076923077 -20.981959504187586
-12.679487179487179 13.076923076923077 -20.99039446004976
-12.576923076923077 13.076923076923077 -20.996785871330026
-12.474358974358974 13.076923076923077 -21.00646765519403
-12.371794871794872 13.076923076923077 -21.02186526717583
-12.26923076923077 13.076923076923077 -21.042653723065797
-12.166666666666666 13.076923076923077 -21.06263389746128
-12.064102564102564 13.076923076923077 -21.084253709132167
-11.961538461538462 13.076923076923077 -21.10500591300458
-11.85897435897436 13.076923076923077 -21.126635672841395
-11.756410256410255 13.076923076923077 -21.149782963156273
-11.653846153846153 13.076923076923077 -21.172873559648362
-11.551282051282051 13.076923076923077 -21.19737432431819
-11.448717948717949 13.076923076923077 -21.2200517594551
-11.346153846153847 13.076923076923077 -21.243225533925035
-11.243589743589745 13.076923076923077 -21.26683014753331
-11.14102564102564 13.076923076923077 -21.294259653601774
-11.038461538461538 13.076923076923077 -21.321135308844962
-10.935897435897436 13.076923076923077 -21.346617266206085
-10.833333333333334 13.076923076923077 -21.3728380116064
-10.73076923076923 13.076923076923077 -21.399522844029818
-10.628205128205128 13.076923076923077 -21.424271513022415
-10.525641025641026 13.076923076923077 -21.449580504228745
-10.423076923076923 13.076923076923077 -21.4772627314728
-10.320512820512821 13.076923076923077 -21.503324919929746
-10.217948717948719 13.076923076923077 -21.531631401057624
-10.115384615384615 13.076923076923077 -21.561920471531007
-10.012820512820513 13.076923076923077 -21.589567798696645
-9.91025641025641 13.076923076923077 -21.619539847123214
-9.807692307692308 13.076923076923077 -21.65079371709575
-9.705128205128204 13.076923076923077 -21.68255911945643
-9.602564102564102 13.076923076923077 -21.71253979955382
-9.5 13.076923076923077 -21.741990142980068
-13.5 13.512820512820513 -20.984725272806017
-13.397435897435898 13.512820512820513 -20.977385045374522
-13.294871794871796 13.512820512820513 -20.968928202309634
-13.192307692307692 13.512820512820513 -20.971941556999298
-13.08974358974359 13.512820512820513 -20.98236779505435
-12.987179487179487 13.512820512820513 -20.992268507982114
-12.884615384615385 13.512820512820513 -21.000421585197568
-12.782051282051283 13.512820512820513 -21.00706459988753
-12.679487179487179 13.512820512820513 -21.01733403587341
-12.576923076923077 13.512820512820513 -21.033447377421105
-12.474358974358974 13.512820512820513 -21.052378777169842
-12.371794871794872 13.512820512820513 -21.07251433891159
-12.26923076923077 13.512820512820513 -21.09295239940624
-12.166666666666666 13.512820512820513 -21.113293351941646
-12.064102564102564 13.512820512820513 -21.135124609591017
-11.961538461538462 13.512820512820513 -21.156036897476415
-11.85897435897436 13.512820512820513 -21.177697925581505
-11.756410256410255 13.512820512820513 -21.197442946160784
-11.653846153846153 13.512820512820513 -21.220165505666348
-11.551282051282051 13.512820512820513 -21.242794115387316
-11.448717948717949 13.512820512820513 -21.26607987680097
-11.346153846153847 13.512820512820513 -21.290615781336054
-11.243589743589745 13.512820512820513 -21.313353081440333
-11.14102564102564 13.512820512820513 -21.336679455166653
-11.038461538461538 13.512820512820513 -21.360641552780844
-10.935897435897436 13.512820512820513 -21.387463741353255
-10.833333333333334 13.512820512820513 -21.414973484727977
-10.73076923076923 13.512820512820513 -21.44077304612247
-10.628205128205128 13.512820512820513 -21.466821617640793
-10.525641025641026 13.512820512820513 -21.49276310180615
-10.423076923076923 13.512820512820513 -21.517454930036095
-10.320512820512821 13.512820512820513 -21.54363916972416
-10.217948717948719 13.512820512820513 -21.571519874613465
-10.115384615384615 13.512820512820513 -21.5979138249573
-10.012820512820513 13.512820512820513 -21.62538879448414
-9.91025641025641 13.512820512820513 -21.655934587342408
-9.807692307692308 13.512820512820513 -21.683391744564283
-9.705128205128204 13.512820512820513 -21.712631839884153
-9.602564102564102 13.512820512820513 -21.745272008929106
-9.5 13.512820512820513 -21.776640481609796
-13.5 13.948717948717949 -21.063085806185455
-13.397435897435898 13.948717948717949 -21.055034691565858
-13.294871794871796 13.948717948717949 -21.04458401888968
-13.192307692307692 13.948717948717949 -21.03353068760338
-13.08974358974359 13.948717948717949 -21.02070587697907
-12.987179487179487 13.948717948717949 -21.015837824712044
-12.884615384615385 13.948717948717949 -21.02640242407171
-12.782051282051283 13.948717948717949 -21.042770023901138
-12.679487179487179 13.948717948717949 -21.062261189626078
-12.576923076923077 13.948717948717949 -21.081355299235863
-12.474358974358974 13.948717948717949 -21.102140975846556
-12.371794871794872 13.948717948717949 -21.122741690168276
-12.26923076923077 13.948717948717949 -21.141952004941214
-12.166666666666666 13.948717948717949 -21.162456089624285
-12.064102564102564 13.948717948717949 -21.18336699197051
-11.961538461538462 13.948717948717949 -21.20380967855699
-11.85897435897436 13.948717948717949 -21.225232005522795
-11.756410256410255 13.948717948717949 -21.24637693187681
-11.653846153846153 13.948717948717949 -21.268135329123982
-11.551282051282051 13.948717948717949 -21.287575014949958
-11.448717948717949 13.948717948717949 -21.310407126720065
-11.346153846153847 13.948717948717949 -21.3338210698844
-11.243589743589745 13.948717948717949 -21.356374291765132
-11.14102564102564 13.948717948717949 -21.38127186694517
-11.038461538461538 13.948717948717949 -21.40424962387666
-10.935897435897436 13.948717948717949 -21.42763076977419
-10.833333333333334 13.948717948717949 -21.45143086562
-10.73076923076923 13.948717948717949 -21.477781366424647
-10.628205128205128 13.948717948717949 -21.505264342446896
-10.525641025641026 13.948717948717949 -21.530962333675127
-10.423076923076923 13.948717948717949 -21.55726270859792
-10.320512820512821 13.948717948717949 -21.583721339027285
-10.217948717948719 13.948717948717949 -21.608824818213414
-10.115384615384615 13.948717948717949 -21.634697639669206
-10.012820512820513 13.948717948717949 -21.662401605943153
-9.91025641025641 13.948717948717949 -21.689359535585936
-9.807692307692308 13.948717948717949 -21.71657315784894
-9.705128205128204 13.948717948717949 -21.7468902206742
-9.602564102564102 13.948717948717949 -21.775297000028093
-9.5 13.948717948717949 -21.804192312005007
-13.5 14.384615384615385 -21.1356106856267
-13.397435897435898 14.384615384615385 -21.12438245632762
-13.294871794871796 14.384615384615385 -21.111577267688784
-13.192307692307692 14.384615384615385 -21.098813820140183
-13.08974358974359 14.384615384615385 -21.08886033549494
-12.987179487179487 14.384615384615385 -21.08521479972598
-12.884615384615385 14.384615384615385 -21.08439961325664
-12.782051282051283 14.384615384615385 -21.089041618786318
-12.679487179487179 14.384615384615385 -21.10880874932792
-12.576923076923077 14.384615384615385 -21.129348119938392
-12.474358974358974 14.384615384615385 -21.148945688132365
-12.371794871794872 14.384615384615385 -21.16851776722217
-12.26923076923077 14.384615384615385 -21.18918055342951
-12.166666666666666 14.384615384615385 -21.210205968502
-12.064102564102564 14.384615384615385 -21.22987636507613
-11.961538461538462 14.384615384615385 -21.250189407918498
-11.85897435897436 14.384615384615385 -21.270229513499128
-11.756410256410255 14.384615384615385 -21.291163987476438
-11.653846153846153 14.384615384615385 -21.312658969433034
-11.551282051282051 14.384615384615385 -21.333759949234505
-11.448717948717949 14.384615384615385 -21.355306566022755
-11.346153846153847 14.384615384615385 -21.37555512940592
-11.243589743589745 14.384615384615385 -21.398560752907933
-11.14102564102564 14.384615384615385 -21.421532228076906
-11.038461538461538 14.384615384615385 -21.443940257162197
-10.935897435897436 14.384615384615385 -21.468757880279636
-10.833333333333334 14.384615384615385 -21.49218467871396
-10.73076923076923 14.384615384615385 -21.51568032808389
-10.628205128205128 14.384615384615385 -21.5392473875113
-10.525641025641026 14.384615384615385 -21.56547985108436
-10.423076923076923 14.384615384615385 -21.59222220900075
-10.320512820512821 14.384615384615385 -21.618453102297817
-10.217948717948719 14.384615384615385 -21.645631881489532
-10.115384615384615 14.384615384615385 -21.672466604594824
-10.012820512820513 14.384615384615385 -21.69723133348
-9.91025641025641 14.384615384615385 -21.722730083015932
-9.807692307692308 14.384615384615385 -21.7511290113621
-9.705128205128204 14.384615384615385 -21.778425031918072
-9.602564102564102 14.384615384615385 -21.80574769605449
-9.5 14.384615384615385 -21.834847541370124
-13.5 14.820512820512821 -21.199317837782612
-13.397435897435898 14.820512820512821 -21.18670126431002
-13.294871794871796 14.820512820512821 -21.177713746945365
-13.192307692307692 14.820512820512821 -21.174670243557014
-13.08974358974359 14.820512820512821 -21.173883337648558
-12.987179487179487 14.820512820512821 -21.17298354188726
-12.884615384615385 14.820512820512821 -21.17226189896304
-12.782051282051283 14.820512820512821 -21.17157476560221
-12.679487179487179 14.820512820512821 -21.170906785825313
-12.576923076923077 14.820512820512821 -21.173116436840793
-12.474358974358974 14.820512820512821 -21.193411781434914
-12.371794871794872 14.820512820512821 -21.213784239690142
-12.26923076923077 14.820512820512821 -21.233663991639826
-12.166666666666666 14.820512820512821 -21.253226891111712
-12.064102564102564 14.820512820512821 -21.274231802409748
-11.961538461538462 14.820512820512821 -21.29528690782378
-11.85897435897436 14.820512820512821 -21.31460637323004
-11.756410256410255 14.820512820512821 -21.335232350936877
-11.653846153846153 14.820512820512821 -21.355569592698963
-11.551282051282051 14.820512820512821 -21.37639576467329
-11.448717948717949 14.820512820512821 -21.39747976678129
-11.346153846153847 14.820512820512821 -21.418832995950787
-11.243589743589745 14.820512820512821 -21.44061896629924
-11.14102564102564 14.820512820512821 -21.461423002831836
-11.038461538461538 14.820512820512821 -21.4839216616187
-10.935897435897436 14.820512820512821 -21.505936373095498
-10.833333333333334 14.820512820512821 -21.528853245857157
-10.73076923076923 14.820512820512821 -21.553908305992444
-10.628205128205128 14.820512820512821 -21.5773536306917
-10.525641025641026 14.820512820512821 -21.60143053820959
-10.423076923076923 14.820512820512821 -21.625082652173727
-10.320512820512821 14.820512820512821 -21.650904228112804
-10.217948717948719 14.820512820512821 -21.67825177151823
-10.115384615384615 14.820512820512821 -21.70489168544173
-10.012820512820513 14.820512820512821 -21.732263768071245
-9.91025641025641 14.820512820512821 -21.758854914152465
-9.807692307692308 14.820512820512821 -21.78345325183637
-9.705128205128204 14.820512820512821 -21.80894205438856
-9.602564102564102 14.820512820512821 -21.837381143605864
-9.5 14.820512820512821 -21.8650245777711
-13.5 15.256410256410257 -21.26386902883266
-13.397435897435898 15.256410256410257 -21.261551632764146
-13.294871794871796 15.256410256410257 -21.260770121658204
-13.192307692307692 15.256410256410257 -21.259884639743518
-13.08974358974359 15.256410256410257 -21.2591488753354
-12.987179487179487 15.256410256410257 -21.258426635088643
-12.884615384615385 15.256410256410257 -21.25780471943201
-12.782051282051283 15.256410256410257 -21.257260705953843
-12.679487179487179 15.256410256410257 -21.25676093260561
-12.576923076923077 15.256410256410257 -21.256141163913593
-12.474358974358974 15.256410256410257 -21.255586221479295
-12.371794871794872 15.256410256410257 -21.254970945465434
-12.26923076923077 15.256410256410257 -21.274919369675295
-12.166666666666666 15.256410256410257 -21.295508715292392
-12.064102564102564 15.256410256410257 -21.316219636079985
-11.961538461538462 15.256410256410257 -21.335759840118637
-11.85897435897436 15.256410256410257 -21.355948674187527
-11.756410256410255 15.256410256410257 -21.377811827799672
-11.653846153846153 15.256410256410257 -21.397219231588263
-11.551282051282051 15.256410256410257 -21.417396537484525
-11.448717948717949 15.256410256410257 -21.43798993091158
-11.346153846153847 15.256410256410257 -21.459457719888224
-11.243589743589745 15.256410256410257 -21.48052429729143
-11.14102564102564 15.256410256410257 -21.502024558861706
-11.038461538461538 15.256410256410257 -21.523496616189906
-10.935897435897436 15.256410256410257 -21.544025892200118
-10.833333333333334 15.256410256410257 -21.566930031533513
-10.73076923076923 15.256410256410257 -21.588601741813324
-10.628205128205128 15.256410256410257 -21.611953333255695
-10.525641025641026 15.256410256410257 -21.63690157749896
-10.423076923076923 15.256410256410257 -21.660841732056628
-10.320512820512821 15.256410256410257 -21.68461854058349
-10.217948717948719 15.256410256410257 -21.709564059989024
-10.115384615384615 15.256410256410257 -21.735233088620223
-10.012820512820513 15.256410256410257 -21.76194872143995
-9.91025641025641 15.256410256410257 -21.788522964674712
-9.807692307692308 15.256410256410257 -21.815135234918856
-9.705128205128204 15.256410256410257 -21.842575100342295
-9.602564102564102 15.256410256410257 -21.86764713458578
-9.5 15.256410256410257 -21.892667190198953
-13.5 15.692307692307693 -21.34513520892231
-13.397435897435898 15.692307692307693 -21.34426985804014
-13.294871794871796 15.692307692307693 -21.343573929240133
-13.192307692307692 15.692307692307693 -21.342854941241804
-13.08974358974359 15.692307692307693 -21.342245829147558
-12.987179487179487 15.692307692307693 -21.34174689640086
-12.884615384615385 15.692307692307693 -21.341165572505965
-12.782051282051283 15.692307692307693 -21.340543262288698
-12.679487179487179 15.692307692307693 -21.340044499750967
-12.576923076923077 15.692307692307693 -21.339404421253978
-12.474358974358974 15.692307692307693 -21.33891240876688
-12.371794871794872 15.692307692307693 -21.338388059567144
-12.26923076923077 15.692307692307693 -21.33794457453135
-12.166666666666666 15.692307692307693 -21.337517155989488
-12.064102564102564 15.692307692307693 -21.35519507000035
-11.961538461538462 15.692307692307693 -21.37556545783161
-11.85897435897436 15.692307692307693 -21.39609699339836
-11.756410256410255 15.692307692307693 -21.41529419222596
-11.653846153846153 15.692307692307693 -21.43602669674601
-11.551282051282051 15.692307692307693 -21.457260599804616
-11.448717948717949 15.692307692307693 -21.477570922033944
-11.346153846153847 15.692307692307693 -21.497851695970848
-11.243589743589745 15.692307692307693 -21.518242567494298
-11.14102564102564 15.692307692307693 -21.539883822545182
-11.038461538461538 15.692307692307693 -21.560429721042297
-10.935897435897436 15.692307692307693 -21.58288586325428
-10.833333333333334 15.692307692307693 -21.604299267797636
-10.73076923076923 15.692307692307693 -21.625987552133996
-10.628205128205128 15.692307692307693 -21.64769443356511
-10.525641025641026 15.692307692307693 -21.66971819953609
-10.423076923076923 15.692307692307693 -21.693932650308234
-10.320512820512821 15.692307692307693 -21.718552413922076
-10.217948717948719 15.692307692307693 -21.742654495301156
-10.115384615384615 15.692307692307693 -21.766218837223654
-10.012820512820513 15.692307692307693 -21.79116059695518
-9.91025641025641 15.692307692307693 -21.816718005228307
-9.807692307692308 15.692307692307693 -21.842988708967976
-9.705128205128204 15.692307692307693 -21.86981428135955
-9.602564102564102 15.692307692307693 -21.896031238548225
-9.5 15.692307692307693 -21.923341085431073
-13.5 16.128205128205128 -21.425688330330395
-13.397435897435898 16.128205128205128 -21.42494941607521
-13.294871794871796 16.128205128205128 -21.424395019360972
-13.192307692307692 16.128205128205128 -21.423905194261742
-13.08974358974359 16.128205128205128 -21.423304991770962
-12.987179487179487 16.128205128205128 -21.422696075385012
-12.884615384615385 16.128205128205128 -21.422169043693167
-12.782051282051283 16.128205128205128 -21.42152126143388
-12.679487179487179 16.128205128205128 -21.421023348895357
-12.576923076923077 16.128205128205128 -21.420482443086176
-12.474358974358974 16.128205128205128 -21.420102190780863
-12.371794871794872 16.128205128205128 -21.41965193706717
-12.26923076923077 16.128205128205128 -21.41919826042217
-12.166666666666666 16.128205128205128 -21.41872604215027
-12.064102564102564 16.128205128205128 -21.418247859054205
-11.961538461538462 16.128205128205128 -21.417687961154957
-11.85897435897436 16.128205128205128 -21.433040767438907
-11.756410256410255 16.128205128205128 -21.45343757889434
-11.653846153846153 16.128205128205128 -21.474042155196006
-11.551282051282051 16.128205128205128 -21.49290964613716
-11.448717948717949 16.128205128205128 -21.514308271058592
-11.346153846153847 16.128205128205128 -21.535604886041927
-11.243589743589745 16.128205128205128 -21.555722194330777
-11.14102564102564 16.128205128205128 -21.575956822589664
-11.038461538461538 16.128205128205128 -21.596367365105433
-10.935897435897436 16.128205128205128 -21.618125429831192
-10.833333333333334 16.128205128205128 -21.63974015753687
-10.73076923076923 16.128205128205128 -21.66225073818596
-10.628205128205128 16.128205128205128 -21.683456772337287
-10.525641025641026 16.128205128205128 -21.705275718906922
-10.423076923076923 16.128205128205128 -21.726766449568554
-10.320512820512821 16.128205128205128 -21.748768225809336
-10.217948717948719 16.128205128205128 -21.772925128816404
-10.115384615384615 16.128205128205128 -21.797476397510476
-10.012820512820513 16.128205128205128 -21.82187958397051
-9.91025641025641 16.128205128205128 -21.845764235496034
-9.807692307692308 16.128205128205128 -21.869889447821347
-9.705128205128204 16.128205128205128 -21.894938755077973
-9.602564102564102 16.128205128205128 -21.921788946578236
-9.5 16.128205128205128 -21.94886233554695
-13.5 16.564102564102566 -21.50435946966347
-13.397435897435898 16.564102564102566 -21.50386010505913
-13.294871794871796 16.564102564102566 -21.503197332447265
-13.192307692307692 16.564102564102566 -21.502613254424613
-13.08974358974359 16.564102564102566 -21.50211094693406
-12.987179487179487 16.564102564102566 -21.5014612243358
-12.884615384615385 16.564102564102566 -21.500959860550477
-12.782051282051283 16.564102564102566 -21.50042710937303
-12.679487179487179 16.564102564102566 -21.50006884598914
-12.576923076923077 16.564102564102566 -21.49957072090054
-12.474358974358974 16.564102564102566 -21.49909653808731
-12.371794871794872 16.564102564102566 -21.49864761392807
-12.26923076923077 16.564102564102566 -21.498178593826932
-12.166666666666666 16.564102564102566 -21.49762292264499
-12.064102564102564 16.564102564102566 -21.497213459755127
-11.961538461538462 16.564102564102566 -21.496918309094415
-11.85897435897436 16.564102564102566 -21.496534606395787
-11.756410256410255 16.564102564102566 -21.496088575520076
-11.653846153846153 16.564102564102566 -21.508731465552014
-11.551282051282051 16.564102564102566 -21.52886567741696
-11.448717948717949 16.564102564102566 -21.549969305768236
-11.346153846153847 16.564102564102566 -21.56935694221523
-11.243589743589745 16.564102564102566 -21.59061740209906
-11.14102564102564 16.564102564102566 -21.612128884836235
-11.038461538461538 16.564102564102566 -21.63257004054576
-10.935897435897436 16.564102564102566 -21.65310845236356
-10.833333333333334 16.564102564102566 -21.67370555160022
-10.73076923076923 16.564102564102566 -21.6956303990947
-10.628205128205128 16.564102564102566 -21.71712609796293
-10.525641025641026 16.564102564102566 -21.739339745028488
-10.423076923076923 16.564102564102566 -21.76032177426871
-10.320512820512821 16.564102564102566 -21.78282759800113
-10.217948717948719 16.564102564102566 -21.804338604832683
-10.115384615384615 16.564102564102566 -21.826469421568017
-10.012820512820513 16.564102564102566 -21.850279965810536
-9.91025641025641 16.564102564102566 -21.874008195584004
-9.807692307692308 16.564102564102566 -21.899145705913064
-9.705128205128204 16.564102564102566 -21.92256021065706
-9.602564102564102 16.564102564102566 -21.9463916280049
-9.5 16.564102564102566 -21.970553214533968
-13.5 17.0 -21.58103266394208
-13.397435897435898 17.0 -21.580486360199828
-13.294871794871796 17.0 -21.579970627205494
-13.192307692307692 17.0 -21.579364226501053
-13.08974358974359 17.0 -21.578822509703205
-12.987179487179487 17.0 -21.57830703333718
-12.884615384615385 17.0 -21.57793517279073
-12.782051282051283 17.0 -21.577435691365025
-12.679487179487179 17.0 -21.57698019159824
-12.576923076923077 17.0 -21.576491529554186
-12.474358974358974 17.0 -21.576048799931353
-12.371794871794872 17.0 -21.57554601074904
-12.26923076923077 17.0 -21.57511143778046
-12.166666666666666 17.0 -21.57481893361554
-12.064102564102564 17.0 -21.574431408967186
-11.961538461538462 17.0 -21.573976778735528
-11.85897435897436 17.0 -21.573624533393776
-11.756410256410255 17.0 -21.573293476515428
-11.653846153846153 17.0 -21.572958144132347
-11.551282051282051 17.0 -21.572633826708355
-11.448717948717949 17.0 -21.583221660520206
-11.346153846153847 17.0 -21.603589634502857
-11.243589743589745 17.0 -21.624971495761518
-11.14102564102564 17.0 -21.645332728361062
-11.038461538461538 17.0 -21.665396423616947
-10.935897435897436 17.0 -21.687241388797382
-10.833333333333334 17.0 -21.708612259967463
-10.73076923076923 17.0 -21.728401463003863
-10.628205128205128 17.0 -21.749595459260057
-10.525641025641026 17.0 -21.770796346475
-10.423076923076923 17.0 -21.791813429983584
-10.320512820512821 17.0 -21.814296889479802
-10.217948717948719 17.0 -21.835818188644406
-10.115384615384615 17.0 -21.858188861946253
-10.012820512820513 17.0 -21.878618359870742
-9.91025641025641 17.0 -21.90182651532296
-9.807692307692308 17.0 -21.924909663675777
-9.705128205128204 17.0 -21.948961725539654
-9.602564102564102 17.0 -21.974068674716985
-9.5 17.0 -21.99740950658436
