2.082650953732161081e-01 5.103542520760186412e-05
2.102102117425347638e-01 5.103542520760186412e-05
4.204204207323892217e-01 4.088887136900362824e-03
6.306306292706882477e-01 2.535560986719926149e-02
8.408408511293486987e-01 6.728903430393494423e-02
1.051051065594374112e+00 1.466246890220399834e-01
1.261261273038231989e+00 2.681186402817197223e-01
1.471471476524975230e+00 4.227177502715581681e-01
1.681681691247976396e+00 5.717632844528538483e-01
1.891891904073661701e+00 6.871644066014926944e-01
2.102102117425346695e+00 7.599736938925680807e-01
2.312312342962036027e+00 8.046746513542870627e-01
2.522522529560383031e+00 8.290912391814708737e-01
2.732732725658975070e+00 8.437405524019763181e-01
2.942942986875946243e+00 8.530410140509477879e-01
3.153153166998542645e+00 8.593502356424541633e-01
3.363363360474510788e+00 8.643117400749850132e-01
3.783783783373201093e+00 8.715811083079295640e-01
4.204204207323889442e+00 8.767677739234029932e-01
4.624624655644588245e+00 8.802087976102874745e-01
5.045045117108188037e+00 8.822439994393637130e-01
5.675675658608742680e+00 8.837915878271837000e-01
7.357357430796779951e+00 8.854436166298748079e-01
1.282282288849478391e+01 8.881830127194365598e-01
1.912912935098278311e+01 8.891810767721364250e-01
2.921921962331170164e+01 8.892163355408387870e-01
4.939939923236997288e+01 8.882175225130524154e-01
8.387387462398388038e+01 8.862820263499070483e-01
1.280180194640531397e+02 8.837970408914117559e-01
1.809909932616606056e+02 8.808150338133781121e-01
2.100000009954521545e+02 8.791820316058724938e-01
2.100000009954521545e+02 8.791820316058724938e-01
