# Photoelectric cross section for Xe from https://dx.doi.org/10.18434/T48G6X
# Columns: Photon energy [MeV] | Photoelectric absorption [10^-28 m^2/atom]
0.001 2050000
0.001072 1773000
0.001149 1533000
0.0011490000000001 1599000
0.0015 888800
0.002 453500
0.003 168200
0.004 81320
0.004782 51390
0.0047820000000001 150200
0.005 138300
0.005104 130700
0.0051040000000001 177300
0.005275 163800
0.005453 151400
0.0054530000000001 174800
0.006 138000
0.008 65350
0.01 36230
0.015 12100
0.02 5473
0.03 1761
0.03456 1181
0.034560000000001 7073
0.04 4820
