6.017220384993456150e+01 1.650687909903408119e-04
6.104603371023539893e+01 2.195840153996969808e-03
6.193255346015121887e+01 4.147442440101225744e-03
6.283194738418175973e+01 6.010026010445032769e-03
6.374440244303367109e+01 7.773343085815756677e-03
6.467010831248569502e+01 9.611590787690887927e-03
6.560925742281699513e+01 1.114817891706512167e-02
6.656204499880796277e+01 1.293870644017573908e-02
6.752866910032339831e+01 1.460200968075729515e-02
6.850933066348289913e+01 1.652938743849149961e-02
6.950423354243123697e+01 1.811677875293752141e-02
7.051358455171400408e+01 1.996948324776018011e-02
7.153759350926847560e+01 2.188637066902713452e-02
7.257647328004041754e+01 2.364878786064903565e-02
7.363043982023197032e+01 2.546702916051454477e-02
7.469971222219440676e+01 2.734104384081405270e-02
7.578451275997134928e+01 2.927062838089417723e-02
7.688506693550327498e+01 3.125541291292527335e-02
7.800160352550460630e+01 3.329484690459118268e-02
7.913435462901928474e+01 3.538818405751534973e-02
8.028355571566916637e+01 3.728423662577945441e-02
8.144944567460166240e+01 3.947781200765360099e-02
8.263226686414805044e+01 4.146259281822669424e-02
8.383226516220472035e+01 4.401431390854403797e-02
8.504969001734339429e+01 4.608564002024616996e-02
8.628479450066630818e+01 4.846498138679565526e-02
8.753783535841255059e+01 5.088618956093553941e-02
8.880907306532847656e+01 5.306555927836194286e-02
9.009877187881488680e+01 5.527228048196573124e-02
9.140719989385785027e+01 5.287957119979393855e-02
9.273462909876000992e+01 5.038055726768867620e-02
9.408133543167933510e+01 4.777646538236799550e-02
9.544759883798896283e+01 4.506898049399792744e-02
9.683370332847192685e+01 4.195625146904462255e-02
9.823993703835807878e+01 3.812329928771405335e-02
9.966659228722133435e+01 3.448653090958846840e-02
1.011139656397447766e+02 3.043323193179787306e-02
1.025823579673680683e+02 2.564411824712017896e-02
1.040720745108324081e+02 2.011081775890569481e-02
1.055834249436303764e+02 1.350725559509089423e-02
1.071167234363805960e+02 4.855800120264030031e-03
