1.000000000000000048e-04 2.759527965436508028e-13
1.014522151498390291e-04 2.840258496604194676e-13
1.029255195880922862e-04 2.923350815274761131e-13
1.044202195766009945e-04 3.008874016004226846e-13
1.059366258247875783e-04 3.096899214723398692e-13
1.074750535542434341e-04 3.187499607873555183e-13
1.090358225642557792e-04 3.280750533272205408e-13
1.106192572982855074e-04 3.376729532759466307e-13
1.122256869114105144e-04 3.475516416677171082e-13
1.138554453387489372e-04 3.577193330234357848e-13
1.155088713648749413e-04 3.681844821814223478e-13
1.171863086942437365e-04 3.789557913279485519e-13
1.188881060226386842e-04 3.900422172334497615e-13
1.206146171096560133e-04 4.014529787004345984e-13
1.223662008522427699e-04 4.131975642292868076e-13
1.241432213593015015e-04 4.252857399083253083e-13
1.259460480273795078e-04 4.377275575346967102e-13
1.277750556174566331e-04 4.505333629728414314e-13
1.296306243328484585e-04 4.637138047574905419e-13
1.315131398982410081e-04 4.772798429483470501e-13
1.334229936398722703e-04 4.912427582438045746e-13
1.353605825668792635e-04 5.056141613612985270e-13
1.373263094538258516e-04 5.204060026920776951e-13
1.393205829244290104e-04 5.356305822384264503e-13
1.413438175365016225e-04 5.513005598416084268e-13
1.433964338681275490e-04 5.674289657090204720e-13
1.454788586050893894e-04 5.840292112493292037e-13
1.475915246295654072e-04 6.011151002245903062e-13
1.497348711101142179e-04 6.187008402286201999e-13
1.519093435929672411e-04 6.368010545011788047e-13
1.541153940946453425e-04 6.554307940877664793e-13
1.563534811959219203e-04 6.746055503551692075e-13
1.586240701371498089e-04 6.943412678731419746e-13
1.609276329149728177e-04 7.146543576729525815e-13
1.632646483804412298e-04 7.355617108938003634e-13
1.656356023385534065e-04 7.570807128284749647e-13
1.680409876492410339e-04 7.792292573799091050e-13
1.704813043298224336e-04 8.020257619406707529e-13
1.729570596589433172e-04 8.254891827077559652e-13
1.754687682820264523e-04 8.496390304454149374e-13
1.780169523182539837e-04 8.744953867091327605e-13
1.806021414691013835e-04 9.000789205442292874e-13
1.832248731284494031e-04 9.264109056729954843e-13
1.858856924942940854e-04 9.535132381846348294e-13
1.885851526820792306e-04 9.814084547427269500e-13
1.913238148396754676e-04 1.010119751325365685e-12
1.941022482640272079e-04 1.039671002513521904e-12
1.969210305194955889e-04 1.070086781343710614e-12
1.997807475579188488e-04 1.101392379741443673e-12
2.026819938404164233e-04 1.133613829552466090e-12
2.056253724609627583e-04 1.166777924189275168e-12
2.086114952717537969e-04 1.200912240910893451e-12
2.116409830103959560e-04 1.236045163754459994e-12
2.147144654289411740e-04 1.272205907137679249e-12
2.178325814247961372e-04 1.309424540151769673e-12
2.209959791735322486e-04 1.347732011565099413e-12
2.242053162636254218e-04 1.387160175558326131e-12
2.274612598331502854e-04 1.427741818212393361e-12
2.307644867084620275e-04 1.469510684771469078e-12
2.341156835448906018e-04 1.512501507703447949e-12
2.375155469694784636e-04 1.556750035581373378e-12
2.409647837257922773e-04 1.602293062809805779e-12
2.444641108208351027e-04 1.649168460220808281e-12
2.480142556740945405e-04 1.697415206565057374e-12
2.516159562687542411e-04 1.747073420924215463e-12
2.552699613051011935e-04 1.798184396071534724e-12
2.589770303561621072e-04 1.850790632808447244e-12
2.627379340255975629e-04 1.904935875305646267e-12
2.665534541078913664e-04 1.960665147478109270e-12
2.704243837508654063e-04 2.018024790424267092e-12
2.743515276205540075e-04 2.077062500960456722e-12
2.783357020684745341e-04 2.137827371282736043e-12
2.823777353013237320e-04 2.200369929788957108e-12
2.864784675531419317e-04 2.264742183095157368e-12
2.906387512599753627e-04 2.330997659281110987e-12
2.948594512370753917e-04 2.399191452401046852e-12
2.991414448586724698e-04 2.469380268296556874e-12
3.034856222403574779e-04 2.541622471749720651e-12
3.078928864241151932e-04 2.615978135015755752e-12
3.123641535660428908e-04 2.692509087775474250e-12
3.169003531267951170e-04 2.771278968549102842e-12
3.215024280647958352e-04 2.852353277614263866e-12
3.261713350322531253e-04 2.935799431472010698e-12
3.309080445740237089e-04 3.021686818906347842e-12
3.357135413293637835e-04 3.110086858683750480e-12
3.405888242366095870e-04 3.201073058940685406e-12
3.455349067408323093e-04 3.294721078308573145e-12
3.505528170045048081e-04 3.391108788826893611e-12
3.556435981212317386e-04 3.490316340696906374e-12
3.608083083325809353e-04 3.592426228929706599e-12
3.660480212480642375e-04 3.697523361944087477e-12
3.713638260683145976e-04 3.805695132171292245e-12
3.767568278115005637e-04 3.917031488725236616e-12
3.822281475430321269e-04 4.031625012198786104e-12
3.877789226086011433e-04 4.149570991648189424e-12
3.934103068706053859e-04 4.270967503829688410e-12
3.991234709480085980e-04 4.395915494754272527e-12
4.049196024596789364e-04 4.524518863628221789e-12
4.107999062712664145e-04 4.656884549249462483e-12
4.167656047456622776e-04 4.793122618931396684e-12
4.228179379970966353e-04 4.933346360028234178e-12
4.289581641489274779e-04 5.077672374137950038e-12
4.351875595951695927e-04 5.226220674061077612e-12
4.415074192658253994e-04 5.379114783596149397e-12
4.479190568960670325e-04 5.536481840254620192e-12
4.544238052993274080e-04 5.698452700980731428e-12
4.610230166443592516e-04 5.865162050964296698e-12
4.677180627363135908e-04 6.036748515636709323e-12
4.745103353019039538e-04 6.213354775943512484e-12
4.814012462787102152e-04 6.395127686989270005e-12
4.883922281086830203e-04 6.582218400153371001e-12
4.954847340359137863e-04 6.774782488778476056e-12
5.026802384087229172e-04 6.972980077535793338e-12
5.099802369861413699e-04 7.176975975575182623e-12
5.173862472488391286e-04 7.386939813570456045e-12
5.248998087145698155e-04 7.603046184774009551e-12
5.325224832581989826e-04 7.825474790198073441e-12
5.402558554363735485e-04 8.054410588043151654e-12
5.481015328169130431e-04 8.290043947498138058e-12
5.560611463129802329e-04 8.532570807039849365e-12
5.641363505221052860e-04 8.782192837363590107e-12
5.723288240701363341e-04 9.039117609080428274e-12
5.806402699601784494e-04 9.303558765320249765e-12
5.890724159266064706e-04 9.575736199384575985e-12
5.976270147942154293e-04 9.855876237596536233e-12
6.063058448425871815e-04 1.014421182750015410e-11
6.151107101757514149e-04 1.044098273156556452e-11
6.240434410972054346e-04 1.074643572656078637e-11
6.331058944903959415e-04 1.106082480875667418e-11
6.422999542047094258e-04 1.138441140513464525e-11
6.516275314470786192e-04 1.171746459077366730e-11
6.610905651792759125e-04 1.206026131259694502e-11
6.706910225209651881e-04 1.241308661966400129e-11
6.804308991586249323e-04 1.277623390020059999e-11
6.903122197603925011e-04 1.315000512556241500e-11
7.003370383969430551e-04 1.353471110133630343e-11
7.105074389684774318e-04 1.393067172578744832e-11
7.208255356379102445e-04 1.433821625586741516e-11
7.312934732703523172e-04 1.475768358100445946e-11
7.419134278789684452e-04 1.518942250490335617e-11
7.526876070773169496e-04 1.563379203558962368e-11
7.636182505382546181e-04 1.609116168393887117e-11
7.747076304595061289e-04 1.656191177093972083e-11
7.859580520359980274e-04 1.704643374394592956e-11
7.973718539390446452e-04 1.754513050218014463e-11
8.089514088024998004e-04 1.805841673176072793e-11
8.206991237159660035e-04 1.858671925052965910e-11
8.326174407251646023e-04 1.913047736296844270e-11
8.447088373395774535e-04 1.969014322549737444e-11
8.569758270474519537e-04 2.026618222246124745e-11
8.694209598382933533e-04 2.085907335311506789e-11
8.820468227329409565e-04 2.146930962993088756e-11
8.948560403213417233e-04 2.209739848855711690e-11
9.078512753081379328e-04 2.274386220977161750e-11
9.210352290661695225e-04 2.340923835377854607e-11
9.344106421980231600e-04 2.409408020721119657e-11
9.479802951057310443e-04 2.479895724321165992e-11
9.617470085687442310e-04 2.552445559497032784e-11
9.757136443303032107e-04 2.627117854311901115e-11
9.898831056923144880e-04 2.703974701738242232e-11
1.004258338118875406e-03 2.783080011290604570e-11
1.018842329848559328e-03 2.864499562168900757e-11
1.033638112515592030e-03 2.948301057956417737e-11
1.048648761780053649e-03 3.034554182918049792e-11
1.063877397967223160e-03 3.123330659945490169e-11
1.079327186716216424e-03 3.214704310197683492e-11
1.095001339638040742e-03 3.308751114486038283e-11
1.110903114983203622e-03 3.405549276455477995e-11
1.127035818319023410e-03 3.505179287613891751e-11
1.143402803216764544e-03 3.607723994263984166e-11
1.160007471948762631e-03 3.713268666393272354e-11
1.176853276195667306e-03 3.821901068579462614e-11
1.193943717763956604e-03 3.933711532970161507e-11
1.211282349313876159e-03 4.048793034397677746e-11
1.228872775097938517e-03 4.167241267691216458e-11
1.246718651710158020e-03 4.289154727250967157e-11
1.264823688846161958e-03 4.414634788950089941e-11
1.283191650074337609e-03 4.543785794432756336e-11
1.301826353618186450e-03 4.676715137878401999e-11
1.320731673150026941e-03 4.813533355304197353e-11
1.339911538596234072e-03 4.954354216480141032e-11
1.359369936954169878e-03 5.099294819533145614e-11
1.379110913120974247e-03 5.248475688318746887e-11
1.399138570734401871e-03 5.402020872641523632e-11
1.419457073025846708e-03 5.560058051407308512e-11
1.440070643685789891e-03 5.722718638793407490e-11
1.460983567741779270e-03 5.890137893524571612e-11
1.482200192449182816e-03 6.062455031346048996e-11
1.503724928194874596e-03 6.239813340787014607e-11
1.525562249414025079e-03 6.422360302310552419e-11
1.547716695520240772e-03 6.610247710949662313e-11
1.570192871849173787e-03 6.803631802530709879e-11
1.592995450615858474e-03 7.002673383589763304e-11
1.616129171885950138e-03 7.207537965089655876e-11
1.639598844561044287e-03 7.418395900048748111e-11
1.663409347378345515e-03 7.635422525196421909e-11
1.687565629924812644e-03 7.858798306772359254e-11
1.712072713666055535e-03 8.088708990591418140e-11
1.736935692990175875e-03 8.325345756498723069e-11
1.762159736266739104e-03 8.568905377343087477e-11
1.787750086921168239e-03 8.819590382601680494e-11
1.813712064524697961e-03 9.077609226791103235e-11
1.840051065900181896e-03 9.343176462805676271e-11
1.866772566243960841e-03 9.616512920326746213e-11
1.893882120263992719e-03 9.897845889451079318e-11
1.921385363334559117e-03 1.018740930969188495e-10
1.949288012667693259e-03 1.048544396450856560e-10
1.977595868501647730e-03 1.079219768152777459e-10
2.006314815306621622e-03 1.110792553862201233e-10
2.035450823007967178e-03 1.143289007601672918e-10
2.065009948227212056e-03 1.176736151460324221e-10
2.094998335541050933e-03 1.211161798063788446e-10
2.125422218758651460e-03 1.246594573701506603e-10
2.156287922217511779e-03 1.283063942130633404e-10
2.187601862098101629e-03 1.320600229076291298e-10
2.219370547757650892e-03 1.359234647448648620e-10
2.251600583083252990e-03 1.398999323297660614e-10
2.284298667864650013e-03 1.439927322527167428e-10
2.317471599186953727e-03 1.482052678390508992e-10
2.351126272843561370e-03 1.525410419790498847e-10
2.385269684769641355e-03 1.570036600407380445e-10
2.419908932496383624e-03 1.615968328678860377e-10
2.455051216626401907e-03 1.663243798657258607e-10
2.490703842330560264e-03 1.711902321769384409e-10
2.526874220866505340e-03 1.761984359505516841e-10
2.563569871119305513e-03 1.813531557064773495e-10
2.600798421164408989e-03 1.866586777984718719e-10
2.638567609853330245e-03 1.921194139784096965e-10
2.676885288422368829e-03 1.977399050648318545e-10
2.715759422124648052e-03 2.035248247188121246e-10
2.755198091885923285e-03 2.094789833302967060e-10
2.795209495984366313e-03 2.156073320181300706e-10
2.835801951754788035e-03 2.219149667471080268e-10
2.876983897317604826e-03 2.284071325654754670e-10
2.918763893332877724e-03 2.350892279663877287e-10
2.961150624779889350e-03 2.419668093769776950e-10
3.004152902762495785e-03 2.490455957787395771e-10
3.047779666340738689e-03 2.563314734630912747e-10
3.092039984389055932e-03 2.638305009260602444e-10
3.136943057481430749e-03 2.715489139061573824e-10
3.182498219803999839e-03 2.794931305696488564e-10
3.228714941095351103e-03 2.876697568475088233e-10
3.275602828615050994e-03 2.960855919285152036e-10
3.323171629140757918e-03 3.047476339130469537e-10
3.371431230994289489e-03 3.136630856322753758e-10
3.420391666097193084e-03 3.228393606376119470e-10
3.470063112056088160e-03 3.322840893653633407e-10
3.520455894278342376e-03 3.420051254817444444e-10
3.571580488118453623e-03 3.520105524135126191e-10
3.623447521055601136e-03 3.623086900696566923e-10
3.676067774902837520e-03 3.729081017597330975e-10
3.729452188048327198e-03 3.838176013145936186e-10
3.783611857729168165e-03 3.950462604154368656e-10
3.838558042338217294e-03 4.066034161372709630e-10
3.894302163764413582e-03 4.184986787130597527e-10
3.950855809767109782e-03 4.307419395250152232e-10
4.008230736384843507e-03 4.433433793296696372e-10
4.066438870379128490e-03 4.563134767235807021e-10
4.125492311713717906e-03 4.696630168566991144e-10
4.185403336069864512e-03 4.834031004006461304e-10
4.246184397398139639e-03 4.975451527793669848e-10
4.307848130507256450e-03 5.121009336698171104e-10
4.370407353690540161e-03 5.270825467806031193e-10
4.433875071390513609e-03 5.425024499166950474e-10
4.498264476902178420e-03 5.583734653385830515e-10
4.563588955115579007e-03 5.747087904245008812e-10
4.629862085298148099e-03 5.915220086445604451e-10
4.697097643917501689e-03 6.088271008559504315e-10
4.765309607505203819e-03 6.266384569285711462e-10
4.834512155562124824e-03 6.449708877107809959e-10
4.904719673506012338e-03 6.638396373452090128e-10
4.975946755661797213e-03 6.832603959448496167e-10
5.048208208295441868e-03 7.032493126400307324e-10
5.121519052691725707e-03 7.238230090070415945e-10
5.195894528276802024e-03 7.449985928896356706e-10
5.271350095786100573e-03 7.667936726248885233e-10
5.347901440478155209e-03 7.892263716852076525e-10
5.425564475395238707e-03 8.123153437487420729e-10
5.504355344671213283e-03 8.360797882106359371e-10
5.584290426887497140e-03 8.605394661480919518e-10
5.665386338477774140e-03 8.857147167524971560e-10
5.747659937182053765e-03 9.116264742422467218e-10
5.831128325551039777e-03 9.382962852703989843e-10
5.915808854501247369e-03 9.657463268415546448e-10
6.001719126921827192e-03 9.939994247529160877e-10
6.088877001333778925e-03 1.023079072574853953e-09
6.177300595602206595e-03 1.053009451186717454e-09
6.267008290702638304e-03 1.083815448884220708e-09
6.358018734541890857e-03 1.115522682075025411e-09
6.450350845834505395e-03 1.148157516579803598e-09
6.544023818035491283e-03 1.181747089556472829e-09
6.639057123330070406e-03 1.216319332065790633e-09
6.735470516681537310e-03 1.251902992297170797e-09
6.833284039937727837e-03 1.288527659473914593e-09
6.932518025997229036e-03 1.326223788457830858e-09
7.033193103036090160e-03 1.365022725073668858e-09
7.135330198795806697e-03 1.404956732174384848e-09
7.238950544933758779e-03 1.446059016469017062e-09
7.344075681436642612e-03 1.488363756135351191e-09
7.450727461098102279e-03 1.531906129240434231e-09
7.558928054061393731e-03 1.576722342992547955e-09
7.668699952427898009e-03 1.622849663848896588e-09
7.780065974932754390e-03 1.670326448504187240e-09
7.893049271688200655e-03 1.719192175785703715e-09
8.007673328995906781e-03 1.769487479481524433e-09
8.123961974229213651e-03 1.821254182129144390e-09
8.241939380786125063e-03 1.874535329792525837e-09
8.361630073114450362e-03 1.929375227856654119e-09
8.483058931809714376e-03 1.985819477869181329e-09
8.606251198787219850e-03 2.043915015459931376e-09
8.731232482529219935e-03 2.103710149369745049e-09
8.858028763408166972e-03 2.165254601621067993e-09
8.986666399087479135e-03 2.228599548863837442e-09
9.117172130000522276e-03 2.293797664930842654e-09
9.249573084909281512e-03 2.360903164638114604e-09
9.383896786543777235e-03 2.429971848866717692e-09
9.520171157323214367e-03 2.501061150963323374e-09
9.658424525160469454e-03 2.574230184498391068e-09
9.798685629350618181e-03 2.649539792421371095e-09
9.940983626545137411e-03 2.727052597654053753e-09
1.008534809681285380e-02 2.806833055164023274e-09
1.023180904978876309e-02 2.888947505561446760e-09
1.038039693091239585e-02 2.973464230263996565e-09
1.053114262775653280e-02 3.060453508275486658e-09
1.068407747644796978e-02 3.149987674625663839e-09
1.083923326818148590e-02 3.242141180519646873e-09
1.099664225582839931e-02 3.336990655247033141e-09
1.115633716064113982e-02 3.434614969902208645e-09
1.131835117905509273e-02 3.535095302968740129e-09
1.148271798958931493e-02 3.638515207822516032e-09
1.164947175984742261e-02 3.744960682209676512e-09
1.181864715362013554e-02 3.854520239757123928e-09
1.199027933809102692e-02 3.967284983575133575e-09
1.216440399114680423e-02 4.083348682013138285e-09
1.234105730879386104e-02 4.202807846631846715e-09
1.252027601268248386e-02 4.325761812456411428e-09
1.270209735774030860e-02 4.452312820577411000e-09
1.288655913991671592e-02 4.582566103168384873e-09
1.307369970403955348e-02 4.716629970990499305e-09
1.326355795178607751e-02 4.854615903457239698e-09
1.345617334976959359e-02 4.996638641333940371e-09
1.365158593774353640e-02 5.142816282149251602e-09
1.384983633692474410e-02 5.293270378397929307e-09
1.405096575843747635e-02 5.448126038616464348e-09
1.425501601188020051e-02 5.607512031415815521e-09
1.446202951401670371e-02 5.771560892557568325e-09
1.467204929759343204e-02 5.940409035162639948e-09
1.488511902028493566e-02 6.114196863144214333e-09
1.510128297376908506e-02 6.293068887959052898e-09
1.532058609293422170e-02 6.477173848774521857e-09
1.554307396521994490e-02 6.666664836151051956e-09
1.576879284009354010e-02 6.861699419342962472e-09
1.599778963866410955e-02 7.062439777323550129e-09
1.623011196343616958e-02 7.269052833643224602e-09
1.646580810820502672e-02 7.481710395233048219e-09
1.670492706809580466e-02 7.700589295268965677e-09
1.694751854974823474e-02 7.925871540215522617e-09
1.719363298164946000e-02 8.157744461171485870e-09
1.744332152461669505e-02 8.396400869642893335e-09
1.769663608243230921e-02 8.642039217873506735e-09
1.795362931263327216e-02 8.894863763865615005e-09
1.821435463745725569e-02 9.155084741228589660e-09
1.847886625494781984e-02 9.422918533996458023e-09
1.874721915022066476e-02 9.698587856559628122e-09
1.901946910689369247e-02 9.982321938860731458e-09
1.929567271868296019e-02 1.027435671700829860e-08
1.957588740116703030e-02 1.057493502946689768e-08
1.986017140372218701e-02 1.088430681898683271e-08
2.014858382163104214e-02 1.120272934044145161e-08
2.044118460836678169e-02 1.153046737474449981e-08
2.073803458805605071e-02 1.186779344902597527e-08
2.103919546812265881e-02 1.221498806324904536e-08
2.134472985211496171e-02 1.257233992345678167e-08
2.165470125271959020e-02 1.294014618184262854e-08
2.196917410496396564e-02 1.331871268384394445e-08
2.228821377961076600e-02 1.370835422246456923e-08
2.261188659674678511e-02 1.410939480003749537e-08
2.294025983956914094e-02 1.452216789764546333e-08
2.327340176837180280e-02 1.494701675242363852e-08
2.361138163473500487e-02 1.538429464297456259e-08
2.395426969592093572e-02 1.583436518313318048e-08
2.430213722947840299e-02 1.629760262432600916e-08
2.465505654805953337e-02 1.677439216677568302e-08
2.501310101445183495e-02 1.726513027981019837e-08
2.537634505682824504e-02 1.777022503154237394e-08
2.574486418421893449e-02 1.829009642819456826e-08
2.611873500220764435e-02 1.882517676335017305e-08
2.649803522885598589e-02 1.937591097742256080e-08
2.688284371085911811e-02 1.994275702764050877e-08
2.727324043993576211e-02 2.052618626885720858e-08
2.766930656945653516e-02 2.112668384550036957e-08
2.807112443131359186e-02 2.174474909498860725e-08
2.847877755303526368e-02 2.238089596294987260e-08
2.889235067514939886e-02 2.303565343058737282e-08
2.931192976879853918e-02 2.370956595454773809e-08
2.973760205361121109e-02 2.440319391965802416e-08
3.016945601583259640e-02 2.511711410490731929e-08
3.060758142671850951e-02 2.585192016306085994e-08
3.105206936119663322e-02 2.660822311430543596e-08
3.150301221679845803e-02 2.738665185433603248e-08
3.196050373286644236e-02 2.818785367730710263e-08
3.242463901004000171e-02 2.901249481408269125e-08
3.289551453002438619e-02 2.986126098623292767e-08
3.337322817564689764e-02 3.073485797623833494e-08
3.385787925120399555e-02 3.163401221437474914e-08
3.434956850310418031e-02 3.255947138276832102e-08
3.484839814081060194e-02 3.351200503712194768e-08
3.535447185808767573e-02 3.449240524663032731e-08
3.586789485455636750e-02 3.550148725261606328e-08
3.638877385756256883e-02 3.654009014643412670e-08
3.691721714436276003e-02 3.760907756720832488e-08
3.745333456463216526e-02 3.870933841998039027e-08
3.799723756329965313e-02 3.984178761486864312e-08
3.854903920371417769e-02 4.100736682785049855e-08
3.910885419114790151e-02 4.220704528380245189e-08
3.967679889664021270e-02 4.344182056244700460e-08
4.025299138118838826e-02 4.471271942787846618e-08
4.083755142028940716e-02 4.602079868235642876e-08
4.143060052883811017e-02 4.736714604507678078e-08
4.203226198638718852e-02 4.875288105665204339e-08
4.264266086277353901e-02 5.017915601005114339e-08
4.326192404411721704e-02 5.164715690877508058e-08
4.389018025919774052e-02 5.315810445306358217e-08
4.452756010621342769e-02 5.471325505495334714e-08
4.517419607992953501e-02 5.631390188303245839e-08
4.583022259922026748e-02 5.796137593775815896e-08
4.649577603501109380e-02 5.965704715823398784e-08
4.717099473862675085e-02 6.140232556136578907e-08
4.785601907055081483e-02 6.319866241434321313e-08
4.855099142960320885e-02 6.504755144142321369e-08
4.925605628254095536e-02 6.695053006601691825e-08
4.997136019408925794e-02 6.890918068911490685e-08
5.069705185740845665e-02 7.092513200511238370e-08
5.143328212500344193e-02 7.300006035612895215e-08
5.218020404008218843e-02 7.513569112594973222e-08
5.293797286836918192e-02 7.733380017474503969e-08
5.370674613038131651e-02 7.959621531576412123e-08
5.448668363417230598e-02 8.192481783522909177e-08
5.527794750855256206e-02 8.432154405669340326e-08
5.608070223679183230e-02 8.678838695116654908e-08
5.689511469081064143e-02 8.932739779434133106e-08
5.772135416586888362e-02 9.194068787230521287e-08
5.855959241575788010e-02 9.463043023715119179e-08
5.941000368850344465e-02 9.739886151394937337e-08
6.027276476258781879e-02 1.002482837605826666e-07
6.114805498369695752e-02 1.031810663819895093e-07
6.203605630200210996e-02 1.061996481004105463e-07
6.293695330998246018e-02 1.093065389832731202e-07
6.385093328079707864e-02 1.125043225304022009e-07
6.477818620721442766e-02 1.157956578222935368e-07
6.571890484110652630e-02 1.191832817312321244e-07
6.667328473351738505e-02 1.226700111970996297e-07
6.764152427531283651e-02 1.262587455697589030e-07
6.862382473842097708e-02 1.299524690199656040e-07
6.962039031767124075e-02 1.337542530208104736e-07
7.063142817324152833e-02 1.376672589017576225e-07
7.165714847372101071e-02 1.416947404773981807e-07
7.269776443979904246e-02 1.458400467531110976e-07
7.375349238858809608e-02 1.501066247098762849e-07
7.482455177859047291e-02 1.544980221705574543e-07
7.591116525531832471e-02 1.590178907500394688e-07
7.701355869757539607e-02 1.636699888916682404e-07
7.813196126441175615e-02 1.684581849925253791e-07
7.926660544275991593e-02 1.733864606201300419e-07
8.041772709576272549e-02 1.784589138232455610e-07
8.158556551180359828e-02 1.836797625395453211e-07
8.277036345424786112e-02 1.890533481029654415e-07
8.397236721190727560e-02 1.945841388536686975e-07
8.519182665023705692e-02 2.002767338536153974e-07
8.642899526327632587e-02 2.061358667108329650e-07
8.768413022634327647e-02 2.121664095155656055e-07
8.895749244949482937e-02 2.183733768915723816e-07
9.024934663176330252e-02 2.247619301659476464e-07
9.155996131618050760e-02 2.313373816609287522e-07
9.288960894560074899e-02 2.381051991112583410e-07
9.423856591933499338e-02 2.450710102107785054e-07
9.560711265060661823e-02 2.522406072920303506e-07
9.699553362484240882e-02 2.596199521427582738e-07
9.840411745880957295e-02 2.672151809633173546e-07
9.983315696061170752e-02 2.750326094691098580e-07
1.012829491905562901e-01 2.830787381422931102e-07
1.027537955229053251e-01 2.913602576371206754e-07
1.042460017085235779e-01 2.998840543434193948e-07
1.057598779384362059e-01 3.086572161128229076e-07
1.072957389083093460e-01 3.176870381525235122e-07
1.088539038838675505e-01 3.269810290914464256e-07
1.104346967672602819e-01 3.365469172238826856e-07
1.120384461643932350e-01 3.463926569357834909e-07
1.136654854532368059e-01 3.565264353190486333e-07
1.153161528531266716e-01 3.669566789793157948e-07
1.169907914950713140e-01 3.776920610429102137e-07
1.186897494930793384e-01 3.887415083687736770e-07
1.204133800165238383e-01 4.001142089713826436e-07
1.221620413635570446e-01 4.118196196608157568e-07
1.239360970355912472e-01 4.238674739063296359e-07
1.257359158128611709e-01 4.362677899299778031e-07
1.275618718310843891e-01 4.490308790370100495e-07
1.294143446592336544e-01 4.621673541899621721e-07
1.312937193784399492e-01 4.756881388335860497e-07
1.332003866620407873e-01 4.896044759779439776e-07
1.351347428567910014e-01 5.039279375472216858e-07
1.370971900652533382e-01 5.186704340020405133e-07
1.390881362293845402e-01 5.338442242432546186e-07
1.411079952153364292e-01 5.494619258054872977e-07
1.431571868994876706e-01 5.655365253488641392e-07
1.452361372557252617e-01 5.820813894576783094e-07
1.473452784439939212e-01 5.991102757549645035e-07
1.494850489001301186e-01 6.166373443422111526e-07
1.516558934270020864e-01 6.346771695737435012e-07
1.538582632869727462e-01 6.532447521755505141e-07
1.560926162957052554e-01 6.723555317186367896e-07
1.583594169173315747e-01 6.920253994572765824e-07
1.606591363610018197e-01 7.122707115428294252e-07
1.629922526788368520e-01 7.331083026241209404e-07
1.653592508653028426e-01 7.545554998456857210e-07
1.677606229580289321e-01 7.766301372555142192e-07
1.701968681400897743e-01 7.993505706342879939e-07
1.726684928437716982e-01 8.227356927584137767e-07
1.751760108558476914e-01 8.468049491095756149e-07
1.777199434243799669e-01 8.715783540438413513e-07
1.803008193670740111e-01 8.970765074337796193e-07
1.829191751812065669e-01 9.233206117974235294e-07
1.855755551551486471e-01 9.503324899283097187e-07
1.882705114815096115e-01 9.781346030412700452e-07
1.910046043719235143e-01 1.006750069449048665e-06
1.937784021735025064e-01 1.036202683785274100e-06
1.965924814869821069e-01 1.066516936789780402e-06
1.994474272865805753e-01 1.097718035672698086e-06
2.023438330416004738e-01 1.129831925074279966e-06
2.052823008397955951e-01 1.162885308637868728e-06
2.082634415125290406e-01 1.196905671213935173e-06
2.112878747617501496e-01 1.231921301713675965e-06
2.143562292888132048e-01 1.267961316631122809e-06
2.174691429251690289e-01 1.305055684253371458e-06
2.206272627649534523e-01 1.343235249579023226e-06
2.238312452995012691e-01 1.382531759965563145e-06
2.270817565538137683e-01 1.422977891527001374e-06
2.303794722250088467e-01 1.464607276303731459e-06
2.337250778227796255e-01 1.507454530227155585e-06
2.371192688118951009e-01 1.551555281902376584e-06
2.405627507567690004e-01 1.596946202232849996e-06
2.440562394681280445e-01 1.643665034911627507e-06
2.476004611518116405e-01 1.691750627804566305e-06
2.511961525597295464e-01 1.741242965251535171e-06
2.548440611430147218e-01 1.792183201312541727e-06
2.585449452073986243e-01 1.844613693986366374e-06
2.622995740708432555e-01 1.898578040430165982e-06
2.661087282234632645e-01 1.954121113209334338e-06
2.699731994897683895e-01 2.011289097607721006e-06
2.738937911932639580e-01 2.070129530029262511e-06
2.778713183234410300e-01 2.130691337522925116e-06
2.819066077051912145e-01 2.193024878463809665e-06
2.860004981706832927e-01 2.257181984424272917e-06
2.901538407337330150e-01 2.323216003269787379e-06
2.943674987667081466e-01 2.391181843515464828e-06
2.986423481800005164e-01 2.461136019980034841e-06
3.029792776041052016e-01 2.533136700775263082e-06
3.073791885743448749e-01 2.607243755669874955e-06
3.118429957182737855e-01 2.683518805868116170e-06
3.163716269458064501e-01 2.762025275244433674e-06
3.209660236421056911e-01 2.842828443076767935e-06
3.256271408632719355e-01 2.925995498322322715e-06
3.303559475348760710e-01 3.011595595480960875e-06
3.351534266533718331e-01 3.099699912092539456e-06
3.400205754904367383e-01 3.190381707916117599e-06
3.449584058002787557e-01 3.283716385840126281e-06
3.499679440299532374e-01 3.379781554574131239e-06
3.550502315327364045e-01 3.478657093174357430e-06
3.602063247845933569e-01 3.580425217456466426e-06
3.654372956037936215e-01 3.685170548350934842e-06
3.707442313737139838e-01 3.792980182257739678e-06
3.761282352688769537e-01 3.903943763458827207e-06
3.815904264842737703e-01 4.018153558648608075e-06
3.871319404680137466e-01 4.135704533644281517e-06
3.927539291573560742e-01 4.256694432339885065e-06
3.984575612181672777e-01 4.381223857969567395e-06
4.042440222878566636e-01 4.509396356747660196e-06
4.101145152218391710e-01 4.641318503955018453e-06
4.160702603435796343e-01 4.777099992543223768e-06
4.221124956982637566e-01 4.916853724330128280e-06
4.282424773101576321e-01 5.060695903862697717e-06
4.344614794437017258e-01 5.208746135024991661e-06
4.407707948683974863e-01 5.361127520471602634e-06
4.471717351275422692e-01 5.517966763969224406e-06
4.536656308108625302e-01 5.679394275731176501e-06
4.602538318311106824e-01 5.845544280832661220e-06
4.669377077046767410e-01 6.016554930796600509e-06
4.737186478362746533e-01 6.192568418442859538e-06
4.805980618077656530e-01 6.373731096096268468e-06
4.875773796711708186e-01 6.560193597251494095e-06
4.946580522459437246e-01 6.752110961796022467e-06
5.018415514205579742e-01 6.949642764895146152e-06
5.091293704584740620e-01 7.152953249645988920e-06
5.165230243085521256e-01 7.362211463610871876e-06
5.240240499199676494e-01 7.577591399343184629e-06
5.316340065617054522e-01 7.799272139022758783e-06
5.393544761466908533e-01 8.027438003320644643e-06
5.471870635606275179e-01 8.262278704616941009e-06
5.551333969956142589e-01 8.503989504699121789e-06
5.631951282886006327e-01 8.752771377071389748e-06
5.713739332647630453e-01 9.008831174010285356e-06
5.796715120858650927e-01 9.272381798504983872e-06
5.880895896036764103e-01 9.543642381225048065e-06
5.966299157185271929e-01 9.822838462662806852e-06
6.052942657430635531e-01 1.011020218060109954e-05
6.140844407712912068e-01 1.040597246306254972e-05
6.230022680529762047e-01 1.071039522690019890e-05
6.320496013734816509e-01 1.102372358219437988e-05
6.412283214391246711e-01 1.134621804262572940e-05
6.505403362681221324e-01 1.167814674199844780e-05
6.599875815872215945e-01 1.201978565709413549e-05
6.695720212340874333e-01 1.237141883704065110e-05
6.792956475655316240e-01 1.273333863938654497e-05
6.891604818716754455e-01 1.310584597307704925e-05
6.991685747961196018e-01 1.348925054853288827e-05
7.093220067622224567e-01 1.388387113503983021e-05
7.196228884055657637e-01 1.429003582566224786e-05
7.300733610126998174e-01 1.470808230990047473e-05
7.406755969662652817e-01 1.513835815431836349e-05
7.514318001965700766e-01 1.558122109137331999e-05
7.623442066397329020e-01 1.603703931668900947e-05
7.734150847024752196e-01 1.650619179501677594e-05
7.846467357336650572e-01 1.698906857513976100e-05
7.960414945027058931e-01 1.748607111398064551e-05
8.076017296848793103e-01 1.799761261018219092e-05
8.193298443537251341e-01 1.852411834743628971e-05
8.312282764805825064e-01 1.906602604784718140e-05
8.432994994413793854e-01 1.962378623562097276e-05
8.555460225307830457e-01 2.019786261138323264e-05
8.679703914838202694e-01 2.078873243743497719e-05
8.805751890050654840e-01 2.139688693426584161e-05
8.933630353055207474e-01 2.202283168865360540e-05
9.063365886472893873e-01 2.266708707368779351e-05
9.194985458961586477e-01 2.333018868106534496e-05
9.328516430822122452e-01 2.401268776601680636e-05
9.463986559685745314e-01 2.471515170523077811e-05
9.601424006284231538e-01 2.543816446815674100e-05
9.740857340303773482e-01 2.618232710207605454e-05
9.882315546323862110e-01 2.694825823134258647e-05
1.002582802984247401e+00 2.773659457120700682e-05
1.017142462338866515e+00 2.854799145664886579e-05
1.031913559272396252e+00 2.938312338665512055e-05
1.046899164313392250e+00 3.024268458439573562e-05
1.062102392581090626e+00 3.112738957375850836e-05
1.077526404432954887e+00 3.203797377272089690e-05
1.093174406121647291e+00 3.297519410405080041e-05
1.109049650461507497e+00 3.393982962383831811e-05
1.125155437504745226e+00 3.493268216838207521e-05
1.141495115227427970e+00 3.595457701996159183e-05
1.158072080225432066e+00 3.700636359204741133e-05
1.174889778420523001e+00 3.808891613451663585e-05
1.191951705776654880e+00 3.920313445945313775e-05
1.209261409026707090e+00 4.034994468813638842e-05
1.226822486409751001e+00 4.153030001983210869e-05
1.244638588419024083e+00 4.274518152302145903e-05
1.262713418560789114e+00 4.399559894972326842e-05
1.281050734124177914e+00 4.528259157357777362e-05
1.299654346962252127e+00 4.660722905238844831e-05
1.318528124284380931e+00 4.797061231582944532e-05
1.337675989460125781e+00 4.937387447905254177e-05
1.357101922834826224e+00 5.081818178294920132e-05
1.376809962556988953e+00 5.230473456183819448e-05
1.396804205417733202e+00 5.383476823938229948e-05
1.417088807702399755e+00 5.540955435355013564e-05
1.437667986054525837e+00 5.703040161146925407e-05
1.458546018352396834e+00 5.869865697504196073e-05
1.479727244598282976e+00 6.041570677821218573e-05
1.501216067820633437e+00 6.218297787680974120e-05
1.523016954989343974e+00 6.400193883191323825e-05
1.545134437944314820e+00 6.587410112770660463e-05
1.567573114337523998e+00 6.780102042483421114e-05
1.590337648588735275e+00 6.978429785027860177e-05
1.613432772855133202e+00 7.182558132482863133e-05
1.636863288015005136e+00 7.392656692922230065e-05
1.660634064665710730e+00 7.608900031008935258e-05
1.684750044136175573e+00 7.831467812685033686e-05
1.709216239514039115e+00 8.060544954075294841e-05
1.734037736687769282e+00 8.296321774727637133e-05
1.759219695403876793e+00 8.538994155315227693e-05
1.784767350339482084e+00 8.788763699929870736e-05
1.810686012190494631e+00 9.045837903100056258e-05
1.836981068775539239e+00 9.310430321669546704e-05
1.863657986155970780e+00 9.582760751678335578e-05
1.890722309772114640e+00 9.863055410389815034e-05
1.918179665596009942e+00 1.015154712361340643e-04
1.946035761300928923e+00 1.044847551847622428e-04
1.974296387447824319e+00 1.075408722180025797e-04
2.002967418689064250e+00 1.106863606424840740e-04
2.032054814989608715e+00 1.139238329040486689e-04
2.061564622865919461e+00 1.172559777496178434e-04
2.091502976642902301e+00 1.206855624518883417e-04
2.121876099729042675e+00 1.242154350986597404e-04
2.152690305910119228e+00 1.278485269486711532e-04
2.183952000661664616e+00 1.315878548558538147e-04
2.215667682480483514e+00 1.354365237639750712e-04
2.247843944235554670e+00 1.393977292737087574e-04
2.280487474538480441e+00 1.434747602842020115e-04
2.313605059133907460e+00 1.476710017113003074e-04
2.347203582310094738e+00 1.519899372846223091e-04
2.381290028329964059e+00 1.564351524257563588e-04
2.415871482882980370e+00 1.610103372099162453e-04
2.450955134558045589e+00 1.657192894134392218e-04
2.486548276337852581e+00 1.705659176496070357e-04
2.522658307114894694e+00 1.755542445953113106e-04
2.559292733229487471e+00 1.806884103111709196e-04
2.596459170030178232e+00 1.859726756577890366e-04
2.634165343456738917e+00 1.914114258108847897e-04
2.672419091646224043e+00 1.970091738781504275e-04
2.711228366562304259e+00 2.027705646207263244e-04
2.750601235648252540e+00 2.087003782822891235e-04
2.790545883503998681e+00 2.148035345288385194e-04
2.831070613587450602e+00 2.210850965023172473e-04
2.872183849940605604e+00 2.275502749913394071e-04
2.913894138940675838e+00 2.342044327223418278e-04
2.956210151076640980e+00 2.410530887745953384e-04
2.999140682751658460e+00 2.481019231226109872e-04
3.042694658111560813e+00 2.553567813095374527e-04
3.086881130899996606e+00 2.628236792553007972e-04
3.131709286340452092e+00 2.705088082032845492e-04
3.177188443045600774e+00 2.784185398094870438e-04
3.223328054954447186e+00 2.865594313782052704e-04
3.270137713297504245e+00 2.949382312483593430e-04
3.317627148590606811e+00 3.035618843347548824e-04
3.365806232657615915e+00 3.124375378286242916e-04
3.414684980682492821e+00 3.215725470619550932e-04
3.464273553291245200e+00 3.309744815402305344e-04
3.514582258664004311e+00 3.406511311482909865e-04
3.565621554677881555e+00 3.506105125342221548e-04
3.617402051080835790e+00 3.608608756762253901e-04
3.669934511697216184e+00 3.714107106376433724e-04
3.723229856665258186e+00 3.822687545153748276e-04
3.777299164707077050e+00 3.934439985870974996e-04
3.832153675431700268e+00 4.049456956628713633e-04
3.887804791671428895e+00 4.167833676467762468e-04
3.944264081852245418e+00 4.289668133144828991e-04
4.001543282398567491e+00 4.415061163127190972e-04
4.059654300172921282e+00 4.544116533868025045e-04
4.118609214951128195e+00 4.676941028425821048e-04
4.178420281933310498e+00 4.813644532492218132e-04
4.239099934291489014e+00 4.954340123895356867e-04
4.300660785754090831e+00 5.099144164646477991e-04
4.363115633227993229e+00 5.248176395599926528e-04
4.426477459458729946e+00 5.401560033798523570e-04
4.490759435729195559e+00 5.559421872577333243e-04
4.555974924597675724e+00 5.721892384501927166e-04
4.622137482675555908e+00 5.889105827217909570e-04
4.689260863445353422e+00 6.061200352291149038e-04
4.757359020119785065e+00 6.238318117120230473e-04
4.826446108542192803e+00 6.420605400003677335e-04
4.896536490129253849e+00 6.608212718448069943e-04
4.967644734856312638e+00 6.801294950803631187e-04
5.039785624286071908e+00 7.000011461317097146e-04
5.112974154641369395e+00 7.204526228693759835e-04
5.187225539922420303e+00 7.415007978261718528e-04
5.262555215069488312e+00 7.631630317835268445e-04
5.338978839171376833e+00 7.854571877374963776e-04
5.416512298720517649e+00 8.084016452545209714e-04
5.495171710915437657e+00 8.320153152272553995e-04
5.574973427011014060e+00 8.563176550409166846e-04
5.655934035717563368e+00 8.813286841610070517e-04
5.738070366649161258e+00 9.070690001533304042e-04
5.821399493822059235e+00 9.335597951475884358e-04
5.905938739204001919e+00 9.608228727560732055e-04
5.991705676314928120e+00 9.888806654591239271e-04
6.078718133880133045e+00 1.017756252469433683e-03
6.166994199536358856e+00 1.047473378087369509e-03
6.256552223591714146e+00 1.078056470559834567e-03
6.347410822840310551e+00 1.109530661455473792e-03
6.439588884432112970e+00 1.141921805569126981e-03
6.533105569799180223e+00 1.175256501368926367e-03
6.627980318638788226e+00 1.209562111999455463e-03
6.724232852954402873e+00 1.244866786854797319e-03
6.821883181155467213e+00 1.281199483735557263e-03
6.920951602216521614e+00 1.318589991604040635e-03
7.021458709896929662e+00 1.357068953952274282e-03
7.123425397021752481e+00 1.396667892797560581e-03
7.226872859824776008e+00 1.437419233320649369e-03
7.331822602354764129e+00 1.479356329161894169e-03
7.438296440945475041e+00 1.522513488390780370e-03
7.546316508750815721e+00 1.566926000164776565e-03
7.655905260345706509e+00 1.612630162093364435e-03
7.767085476393762455e+00 1.659663308323536864e-03
7.879880268382907893e+00 1.708063838363267379e-03
7.994313083429533506e+00 1.757871246659444215e-03
8.110407709152651634e+00 1.809126152947314846e-03
8.228188278618688400e+00 1.861870333388313111e-03
8.347679275358059314e+00 1.916146752513521413e-03
8.468905538454791326e+00 1.971999595990247926e-03
8.591892267709781095e+00 2.029474304229000794e-03
8.716665028879301502e+00 2.088617606848762725e-03
8.843249758989417231e+00 2.149477558018102977e-03
8.971672771727556395e+00 2.212103572690035137e-03
9.101960762912575831e+00 2.276546463748621053e-03
9.234140816043987954e+00 2.342858480085043948e-03
9.368240407932038494e+00 2.411093345621357058e-03
9.504287414409379409e+00 2.481306299299654468e-03
9.642310116125667463e+00 2.553554136054613736e-03
9.782337204426514887e+00 2.627895248787344776e-03
9.924397787317527531e+00 2.704389671357990653e-03
1.006852139551523173e+01 2.783099122614897218e-03
1.021473798858569992e+01 2.864087051477457249e-03
1.036307796117229252e+01 2.947418683089779445e-03
1.051357214931407746e+01 3.033161066062106670e-03
1.066625183685566292e+01 3.121383120816084277e-03
1.082114876195045383e+01 3.212155689050272961e-03
1.097829512365812832e+01 3.305551584341099702e-03
1.113772358863792000e+01 3.401645643894367528e-03
1.129946729793932825e+01 3.500514781461801228e-03
1.146355987389109821e+01 3.602238041435933038e-03
1.163003542709060056e+01 3.706896654136652720e-03
1.179892856349446895e+01 3.814574092301004776e-03
1.197027439161220919e+01 3.925356128787419602e-03
1.214410852980451594e+01 4.039330895504469887e-03
1.232046711368721859e+01 4.156588943572491965e-03
1.249938680364313370e+01 4.277223304726018860e-03
1.268090479244260749e+01 4.401329553962479019e-03
1.286505881297510889e+01 4.529005873442118121e-03
1.305188714609284872e+01 4.660353117641421669e-03
1.324142862856828984e+01 4.795474879761011527e-03
1.343372266116749536e+01 4.934477559387018958e-03
1.362880921684031499e+01 5.077470431402037084e-03
1.382672884902991406e+01 5.224565716140357544e-03
1.402752270010270408e+01 5.375878650778609553e-03
1.423123250990069089e+01 5.531527561950700875e-03
1.443790062441830102e+01 5.691633939572972138e-03
1.464757000460479297e+01 5.856322511861473089e-03
1.486028423529492670e+01 6.025721321520816423e-03
1.507608753426903725e+01 5.815564171288237563e-03
1.529502476144467060e+01 5.600919040256825861e-03
1.551714142820201658e+01 5.500222176871198167e-03
1.574248370684430043e+01 5.442998726403520775e-03
1.597109844019601788e+01 5.405615790767418459e-03
1.620303315134026789e+01 5.418666770267382797e-03
1.643833605349745497e+01 5.398487423821634462e-03
1.667705606004781416e+01 5.402839072887986004e-03
1.691924279469895964e+01 5.434027993464569418e-03
1.716494660180160992e+01 5.462458388435751343e-03
1.741421855681477027e+01 5.487946221609195027e-03
1.766711047692289682e+01 5.510299386642208454e-03
1.792367493180758586e+01 5.564202701283678561e-03
1.818396525457518109e+01 5.580679809203905987e-03
1.844803555284356733e+01 5.630343194097909079e-03
1.871594071998967124e+01 5.678167521660632683e-03
1.898773644656023407e+01 5.724006293909133375e-03
1.926347923184870936e+01 5.767706331378431688e-03
1.954322639563969233e+01 5.809107532184900301e-03
1.982703609012449419e+01 5.890573843585981961e-03
2.011496731198935350e+01 5.928086629189279616e-03
2.040707991467921190e+01 6.007812699490576967e-03
2.070343462083996400e+01 6.040845607743232891e-03
2.100409303494079793e+01 6.118352005492293764e-03
2.130911765608047403e+01 6.195234192362533004e-03
2.161857189097911913e+01 6.221019307050346461e-03
2.193252006715873748e+01 6.294909973515130062e-03
2.225102744631552554e+01 6.367820446441083485e-03
2.257416023788573867e+01 6.439633700810098484e-03
2.290198561280923073e+01 6.510227050795685741e-03
2.323457171749242889e+01 6.579471947070975393e-03
2.357198768797404398e+01 6.706850215571678007e-03
2.391430366429701948e+01 6.774680943024222884e-03
2.426159080508842791e+01 6.840786800525087800e-03
2.461392130235184794e+01 6.905014844672648783e-03
2.497136839647408380e+01 7.033877026991200952e-03
2.533400639144977262e+01 7.095748821591136950e-03
2.570191067032762078e+01 7.155292889451914627e-03
2.607515771088018752e+01 7.284814177326731123e-03
2.645382510150198385e+01 7.341196844989649785e-03
2.683799155733794350e+01 7.471370444134589964e-03
2.722773693664609951e+01 7.524028581262877553e-03
2.762314225739842044e+01 7.654490157011897312e-03
2.802428971412191672e+01 7.702809370200702256e-03
2.843126269498515057e+01 7.833152710403266938e-03
2.884414579913228849e+01 7.964469172676912762e-03
2.926302485426891664e+01 8.006237983425841878e-03
2.968798693450380100e+01 8.136806310286955751e-03
3.011912037844886569e+01 6.786536872763710392e-03
3.055651480758292493e+01 5.108811475584660623e-03
3.100026114488148465e+01 3.938129680311284152e-03
3.145045163371708341e+01 3.009635765946246620e-03
3.190717985703475534e+01 2.133131238306557129e-03
3.237054075680497078e+01 1.424895770884746686e-03
3.284063065376007273e+01 6.758076319510235774e-04
