1.000000 0.000000 3301.000000 0.427456
1.000000 1.047198 3307.000000 0.429877
1.000000 2.094395 3453.000000 0.429024
1.000000 3.141593 3318.000000 0.427185
50.666667 0.000000 3415.000000 0.427254
50.666667 1.047198 3405.000000 0.422549
50.666667 2.094395 3331.000000 0.424738
50.666667 3.141593 3403.000000 0.428135
100.333333 0.000000 3253.000000 0.423940
100.333333 1.047198 3363.000000 0.400747
100.333333 2.094395 3459.000000 0.400516
100.333333 3.141593 3401.000000 0.423864
150.000000 0.000000 3394.000000 0.411647
150.000000 1.047198 3476.000000 0.373354
150.000000 2.094395 3454.000000 0.373677
150.000000 3.141593 3376.000000 0.409692
