1.000000 0.000000 3432.000000 0.427100
1.000000 1.047198 3375.000000 0.429778
1.000000 2.094395 3318.000000 0.428756
1.000000 3.141593 3253.000000 0.426306
50.666667 0.000000 3348.000000 0.418395
50.666667 1.047198 3384.000000 0.427094
50.666667 2.094395 3282.000000 0.426865
50.666667 3.141593 3326.000000 0.418432
100.333333 0.000000 3515.000000 0.391225
100.333333 1.047198 3415.000000 0.417990
100.333333 2.094395 3507.000000 0.415928
100.333333 3.141593 3429.000000 0.391667
150.000000 0.000000 3470.000000 0.358471
150.000000 1.047198 3388.000000 0.399892
150.000000 2.094395 3323.000000 0.401120
150.000000 3.141593 3489.000000 0.357003
