150. 0. 46678.73007412087 0.9746973990069934
150. 0.224399 46777.59194834553 0.9601627752704724
150. 0.448799 46935.13491897917 0.955685453424716
150. 0.673198 47021.552663845454 0.9302552481594204
150. 0.897598 47179.15743182607 0.9015498984934202
150. 1.121997 47389.6159821566 0.8790428054479517
150. 1.346397 47694.09610492644 0.8503240362269644
150. 1.570796 48128.75265526057 0.8523699756605888
150. 1.795196 47730.28844924409 0.8507719560752031
150. 2.019595 47728.32839082636 0.8791166326388471
150. 2.243995 47506.31343868386 0.902117830171201
150. 2.468394 47203.659663534454 0.9304503159152372
150. 2.692794 46860.8411578705 0.9558277195663386
150. 2.917193 46632.239355183076 0.9601745948518564
150. 3.141593 46681.349508992804 0.9746973990069934
210.714286 0. 47366.8940830153 0.9274393409989186
210.714286 0.224399 47595.44380618771 0.9106373821006586
210.714286 0.448799 47688.9679978103 0.8985516803780255
210.714286 0.673198 47780.49456157241 0.8622093363060436
210.714286 0.897598 48415.05748923359 0.8212399819662396
210.714286 1.121997 48374.24753946264 0.7876124575955742
210.714286 1.346397 48642.392991428 0.7526241199564172
210.714286 1.570796 48887.99154410718 0.7513287923884893
210.714286 1.795196 48647.56441144525 0.7527010168775146
210.714286 2.019595 48619.1036136926 0.7874875792519708
210.714286 2.243995 48251.77450940997 0.821289008867508
210.714286 2.468394 47838.34412692597 0.862403268339073
210.714286 2.692794 47682.60112517778 0.898368998157928
210.714286 2.917193 47528.15594536065 0.9108258952027628
210.714286 3.141593 47383.80621385176 0.9274393409989186
271.428571 0. 48248.380377680456 0.8682792426602057
271.428571 0.224399 48359.20545397796 0.8496724851818086
271.428571 0.448799 48600.914064972254 0.8314047076933769
271.428571 0.673198 48523.98299118943 0.7879219271747334
271.428571 0.897598 48891.062200179935 0.737448891170623
271.428571 1.121997 49452.660406945906 0.69598662708435
271.428571 1.346397 49146.84766612265 0.6569569824596099
271.428571 1.570796 49205.814277056066 0.6524958603807415
271.428571 1.795196 49369.274831414645 0.6573400619056503
271.428571 2.019595 49366.73407838725 0.695748849884202
271.428571 2.243995 49400.67506884625 0.7375702105857262
271.428571 2.468394 48762.56862501088 0.7876841391438779
271.428571 2.692794 48219.98674840963 0.8316064171936554
271.428571 2.917193 48246.19310170357 0.8500035487098744
271.428571 3.141593 48497.85476904683 0.8682792426602057
332.142857 0. 49070.75491565081 0.8010453086052737
332.142857 0.224399 48825.69271130441 0.7821665656066501
332.142857 0.448799 49179.437755481216 0.7590378367631844
332.142857 0.673198 49422.852763148534 0.7105350620202153
332.142857 0.897598 49832.30150243308 0.6548811399698522
332.142857 1.121997 50121.14992160327 0.6089200973978381
332.142857 1.346397 50253.02515679198 0.5680404632796415
332.142857 1.570796 49996.16594062577 0.5617080062557365
332.142857 1.795196 50249.34813199478 0.5681141828889406
332.142857 2.019595 50009.665505208824 0.6089570286112395
332.142857 2.243995 50077.44047689436 0.6549757631525694
332.142857 2.468394 49836.521655588906 0.7108561662494921
332.142857 2.692794 49169.89188774941 0.7592072904236817
332.142857 2.917193 48930.49535009538 0.7821218412785244
332.142857 3.141593 49034.630852503346 0.8010453086052737
392.857143 0. 49548.65212617845 0.7309630720619154
392.857143 0.224399 49908.89804373072 0.71214630599825
392.857143 0.448799 49722.890232315025 0.686580710428153
392.857143 0.673198 49976.11135436795 0.6357577350613933
392.857143 0.897598 50186.620751433475 0.5775285498655539
392.857143 1.121997 50640.270274494644 0.5289656665828024
392.857143 1.346397 50570.30948769054 0.48696428110931345
392.857143 1.570796 50145.18012414249 0.4791701907796015
392.857143 1.795196 50717.06566009919 0.4871150599436426
392.857143 2.019595 50247.51436403301 0.5288221593349826
392.857143 2.243995 50233.25844438414 0.5774754418669862
392.857143 2.468394 49916.57428073115 0.6355806775479674
392.857143 2.692794 49759.8441866198 0.686672342953806
392.857143 2.917193 49925.5431914765 0.7120099729092254
392.857143 3.141593 49400.58052735688 0.7309630720619154
453.571429 0. 50283.175993152174 0.6612833117266739
453.571429 0.224399 49954.77353641387 0.6427997491053973
453.571429 0.448799 50058.836598269 0.616721632325773
453.571429 0.673198 50560.005773773715 0.5652881199145794
453.571429 0.897598 50948.66713869106 0.5062477200440726
453.571429 1.121997 51266.97394526988 0.45678197971879364
453.571429 1.346397 50783.45690856884 0.4159462766086954
453.571429 1.570796 50878.01808980418 0.4072952179974611
453.571429 1.795196 50690.52114385333 0.415950988457523
453.571429 2.019595 50510.49646678876 0.4566723242716291
453.571429 2.243995 50766.210141777476 0.5060586451281447
453.571429 2.468394 50674.58550247117 0.5649588695103753
453.571429 2.692794 49952.05414661326 0.6160968042244934
453.571429 2.917193 50312.044039535656 0.642828844002641
453.571429 3.141593 50175.232387199685 0.6612833117266739
514.285714 0. 50710.86307615805 0.5934924116794302
514.285714 0.224399 50491.048667588584 0.57642051799925
514.285714 0.448799 50562.51884556206 0.5494087402874747
514.285714 0.673198 50993.58689537223 0.4995077666743812
514.285714 0.897598 51201.50759576812 0.44150650837959654
514.285714 1.121997 51211.18810155688 0.39278493854765
514.285714 1.346397 51275.20111192167 0.3532786110865183
514.285714 1.570796 51292.311266464785 0.34437800294026855
514.285714 1.795196 51450.39383084765 0.35331858083012013
514.285714 2.019595 51391.86611991566 0.39282232875592415
514.285714 2.243995 51303.693473997126 0.4414340605914978
514.285714 2.468394 50813.52228007847 0.49935722374424724
514.285714 2.692794 50709.095852800805 0.5494006365235332
514.285714 2.917193 50781.08463444648 0.5762566648268824
514.285714 3.141593 50568.99553490524 0.5934924116794302
575. 0. 50980.81336900572 0.5291538830737238
575. 0.224399 51236.9521843737 0.5133668493811746
575. 0.448799 51207.67073999146 0.48680676248934374
575. 0.673198 51281.072892731565 0.4390103456811473
575. 0.897598 51252.91029292199 0.3833558177653588
575. 1.121997 51583.729850691176 0.33655896397134194
575. 1.346397 51816.239076494785 0.2991719413811166
575. 1.570796 52119.404956210165 0.29025625709566394
575. 1.795196 51624.10226423092 0.29917529318038266
575. 2.019595 51596.30862610993 0.33664008877328294
575. 2.243995 51487.31287190142 0.38325982620157845
575. 2.468394 51496.387830556705 0.43893364633558346
575. 2.692794 51225.5347939848 0.4868262997682148
575. 2.917193 51190.14682275736 0.5131295612407857
575. 3.141593 50826.47229601162 0.5291538830737238
635.714286 0. 51877.092287903826 0.4696404090093775
635.714286 0.224399 51654.078887107135 0.45455318380898224
635.714286 0.448799 51778.50017181547 0.4293066575102701
635.714286 0.673198 51704.84559752578 0.3843050543319908
635.714286 0.897598 51733.9051278187 0.33178226160386726
635.714286 1.121997 51854.65366146941 0.287553730966599
635.714286 1.346397 52331.89498912256 0.2525167836626232
635.714286 1.570796 52316.384200229615 0.24391790305945282
635.714286 1.795196 51860.70304387991 0.252604881259126
635.714286 2.019595 51919.00781138407 0.2874209963205216
635.714286 2.243995 51847.08222191138 0.33155897420962244
635.714286 2.468394 51534.57095786318 0.38399017514529654
635.714286 2.692794 51400.51661040844 0.4291673058410128
635.714286 2.917193 51229.508764599224 0.4545194064475594
635.714286 3.141593 51963.94581321668 0.4696404090093775
696.428571 0. 51762.16836256496 0.4148165469689475
696.428571 0.224399 51715.38909060146 0.4009325958967944
696.428571 0.448799 52141.018088402954 0.37695323671475217
696.428571 0.673198 51891.219124911724 0.33502900080736064
696.428571 0.897598 52061.3965223168 0.2860546016467336
696.428571 1.121997 52458.45706334442 0.24490173985790853
696.428571 1.346397 52359.992956205344 0.21271805861103946
696.428571 1.570796 52143.936268451835 0.2044467080789568
696.428571 1.795196 52053.346189963384 0.21270464605440226
696.428571 2.019595 52049.46650651043 0.24482392234457592
696.428571 2.243995 52233.98456577202 0.28604610310289325
696.428571 2.468394 51805.25544391785 0.3349253781583254
696.428571 2.692794 51708.78685135591 0.3770186323760257
696.428571 2.917193 51495.13545360722 0.4008105623359045
696.428571 3.141593 51868.47600200173 0.4148165469689475
757.142857 0. 51642.17186696174 0.3644906649603026
757.142857 0.224399 51885.18882260647 0.3520429902971303
757.142857 0.448799 52231.51911263607 0.3297120626719191
757.142857 0.673198 52051.116313245424 0.29123041556299245
757.142857 0.897598 52593.20938910042 0.24609944862549976
757.142857 1.121997 52678.66284452912 0.2080178802358007
757.142857 1.346397 52300.09961529796 0.17882470043685395
757.142857 1.570796 52331.222909576914 0.17095020182193682
757.142857 1.795196 52457.966978565804 0.17873351295410508
757.142857 2.019595 52205.39572961316 0.2081360293330289
757.142857 2.243995 52158.979843866065 0.24604863791395676
757.142857 2.468394 52024.70622347816 0.2911292724700802
757.142857 2.692794 52191.67179654129 0.3297938880124534
757.142857 2.917193 52153.39285708498 0.3518951945608633
757.142857 3.141593 51706.66261215083 0.3644906649603026
817.857143 0. 52152.75012171347 0.31903524688451096
817.857143 0.224399 52729.64602305258 0.3076469668150715
817.857143 0.448799 52530.60127987941 0.2874441212283371
817.857143 0.673198 52254.82111878628 0.2521913648323414
817.857143 0.897598 52746.40213991616 0.21117407150628492
817.857143 1.121997 52570.51640961643 0.17648599584878935
817.857143 1.346397 52742.404167728004 0.1499595064928654
817.857143 1.570796 52889.30436020039 0.142568100228687
817.857143 1.795196 52420.52335193721 0.14984658877465978
817.857143 2.019595 52603.08695505846 0.17646503591882848
817.857143 2.243995 52305.90689086039 0.21106425616628513
817.857143 2.468394 52399.977951079294 0.2521687311718713
817.857143 2.692794 52306.69399952137 0.28736619174736383
817.857143 2.917193 52384.66821948862 0.3077542497299866
817.857143 3.141593 52249.920359066906 0.31903524688451096
878.571429 0. 52340.56784151999 0.2783744842517003
878.571429 0.224399 52353.713137975814 0.26817002389803213
878.571429 0.448799 52380.62896011367 0.24966330109065654
878.571429 0.673198 52410.55874715134 0.2177489196700973
878.571429 0.897598 52870.01190809448 0.18065629589251606
878.571429 1.121997 52708.70333053647 0.14927347890532994
878.571429 1.346397 52911.01788826195 0.12536927438346676
878.571429 1.570796 53039.7371788529 0.11876553214018984
878.571429 1.795196 52821.11736121801 0.12540707232584453
878.571429 2.019595 52884.75989655618 0.14924301911657617
878.571429 2.243995 52262.675730081486 0.1806556716253301
878.571429 2.468394 52660.826850142694 0.2177316488857537
878.571429 2.692794 52382.56169790286 0.24952146582727977
878.571429 2.917193 52557.92913468727 0.2680976176333294
878.571429 3.141593 52273.80254654792 0.2783744842517003
939.285714 0. 52595.92359021672 0.2420288724895112
939.285714 0.224399 52421.460093481764 0.2328854813637066
939.285714 0.448799 52675.29617639655 0.21613253955700015
939.285714 0.673198 52749.37250488571 0.18750233016674572
939.285714 0.897598 52927.43607310683 0.15417715194918055
939.285714 1.121997 52917.73570802777 0.12598481690659913
939.285714 1.346397 53071.72567872964 0.10465592136398956
939.285714 1.570796 53270.048194267816 0.09865780216298925
939.285714 1.795196 52958.303214601205 0.10468240765500879
939.285714 2.019595 52862.567378409934 0.1260133147647609
939.285714 2.243995 52792.49606422136 0.15422774068322181
939.285714 2.468394 52863.58579094894 0.1874178237083327
939.285714 2.692794 52554.535943495095 0.2160131477138199
939.285714 2.917193 52493.97083646217 0.232826383906175
939.285714 3.141593 52660.90789150824 0.2420288724895112
1000. 0. 52788. 0.209669
1000. 0.224399 52554.23531024292 0.20155808453911295
1000. 0.448799 52788.61228594032 0.1864769926723971
1000. 0.673198 52385.47601107698 0.1610038186594652
1000. 0.897598 53099.51058110319 0.13132694348155546
1000. 1.121997 52770.49218376963 0.10618365020106908
1000. 1.346397 53046.073245139225 0.08723865809130035
1000. 1.570796 53341. 0.081786
1000. 1.795196 53285.643936958746 0.08719695835824678
1000. 2.019595 53076.61818230005 0.10621503750142311
1000. 2.243995 53031.204032716654 0.13126493521399046
1000. 2.468394 52813.361290794564 0.16100593384293227
1000. 2.692794 52906.475075335926 0.18638467193581115
1000. 2.917193 52691.11683687766 0.20148985187761562
1000. 3.141593 52797. 0.209669