150.000000 0.000000 16365.000000 0.412068
150.000000 0.165347 16457.000000 0.412714
150.000000 0.330694 16431.000000 0.407089
150.000000 0.496041 16796.000000 0.401390
150.000000 0.661388 16855.000000 0.388622
150.000000 0.826735 16976.000000 0.385996
150.000000 0.992082 16760.000000 0.376451
150.000000 1.157429 17100.000000 0.370333
150.000000 1.322776 17154.000000 0.361338
150.000000 1.488123 17054.000000 0.359428
150.000000 1.653470 17288.000000 0.359611
150.000000 1.818817 16836.000000 0.360857
150.000000 1.984164 16872.000000 0.369104
150.000000 2.149511 16761.000000 0.377086
150.000000 2.314858 16574.000000 0.385677
150.000000 2.480205 16611.000000 0.391040
150.000000 2.645552 16464.000000 0.401043
150.000000 2.810899 16486.000000 0.408967
150.000000 2.976246 16420.000000 0.413668
150.000000 3.141593 16340.000000 0.410823
194.736842 0.000000 16807.000000 0.395404
194.736842 0.165347 16567.000000 0.396675
194.736842 0.330694 16916.000000 0.389840
194.736842 0.496041 16763.000000 0.382597
194.736842 0.661388 16768.000000 0.368317
194.736842 0.826735 17061.000000 0.361039
194.736842 0.992082 17156.000000 0.348993
194.736842 1.157429 17517.000000 0.338973
194.736842 1.322776 17550.000000 0.329536
194.736842 1.488123 17543.000000 0.327384
194.736842 1.653470 17492.000000 0.326165
194.736842 1.818817 17328.000000 0.331529
194.736842 1.984164 17280.000000 0.337921
194.736842 2.149511 17325.000000 0.348226
194.736842 2.314858 17236.000000 0.361584
194.736842 2.480205 17046.000000 0.368280
194.736842 2.645552 16869.000000 0.381218
194.736842 2.810899 16605.000000 0.390521
194.736842 2.976246 16947.000000 0.395503
194.736842 3.141593 16804.000000 0.395536
239.473684 0.000000 17137.000000 0.378081
239.473684 0.165347 16829.000000 0.376272
239.473684 0.330694 16819.000000 0.371245
239.473684 0.496041 17448.000000 0.360012
239.473684 0.661388 17393.000000 0.343989
239.473684 0.826735 17615.000000 0.335826
239.473684 0.992082 17492.000000 0.321046
239.473684 1.157429 17590.000000 0.307412
239.473684 1.322776 17653.000000 0.299327
239.473684 1.488123 17677.000000 0.294503
239.473684 1.653470 17848.000000 0.294160
239.473684 1.818817 17733.000000 0.299095
239.473684 1.984164 17487.000000 0.308379
239.473684 2.149511 17542.000000 0.321110
239.473684 2.480205 17389.000000 0.345420
239.473684 2.645552 17206.000000 0.358498
239.473684 2.810899 16991.000000 0.370832
239.473684 2.976246 17160.000000 0.378034
239.473684 3.141593 16947.000000 0.379288
284.210526 0.000000 17321.000000 0.356763
284.210526 0.165347 17603.000000 0.356905
284.210526 0.330694 17469.000000 0.350201
284.210526 0.496041 17302.000000 0.336742
284.210526 0.661388 17584.000000 0.320049
284.210526 0.826735 17823.000000 0.306841
284.210526 0.992082 18003.000000 0.292659
284.210526 1.157429 17967.000000 0.277602
284.210526 1.322776 18165.000000 0.269109
284.210526 1.488123 18086.000000 0.264444
284.210526 1.653470 18437.000000 0.263700
284.210526 1.818817 18130.000000 0.269010
284.210526 1.984164 17906.000000 0.278755
284.210526 2.480205 17680.000000 0.320452
284.210526 2.645552 17627.000000 0.338231
284.210526 2.810899 17398.000000 0.348545
284.210526 2.976246 17412.000000 0.356033
284.210526 3.141593 17320.000000 0.356492
328.947368 0.000000 17564.000000 0.335965
328.947368 0.165347 17661.000000 0.335952
328.947368 0.330694 17702.000000 0.324151
328.947368 0.496041 17844.000000 0.312465
328.947368 0.661388 17840.000000 0.296969
328.947368 0.826735 18045.000000 0.282270
328.947368 0.992082 18079.000000 0.266118
328.947368 1.157429 18370.000000 0.251782
328.947368 1.322776 18433.000000 0.242254
328.947368 1.488123 18409.000000 0.235366
328.947368 1.653470 18624.000000 0.236237
328.947368 1.818817 18416.000000 0.242439
328.947368 1.984164 18200.000000 0.251326
328.947368 2.149511 18162.000000 0.266458
328.947368 2.314858 18116.000000 0.283844
328.947368 2.480205 17916.000000 0.296470
328.947368 2.645552 17826.000000 0.314019
328.947368 2.810899 17709.000000 0.326190
328.947368 2.976246 17745.000000 0.334315
328.947368 3.141593 17840.000000 0.334887
373.684211 0.000000 18001.000000 0.312093
373.684211 0.165347 17891.000000 0.312781
373.684211 0.330694 17854.000000 0.304235
373.684211 0.496041 17921.000000 0.288840
373.684211 0.661388 18262.000000 0.272006
373.684211 0.826735 18174.000000 0.258805
373.684211 0.992082 18612.000000 0.241340
373.684211 1.157429 18608.000000 0.225937
373.684211 1.322776 18780.000000 0.214681
373.684211 1.488123 18601.000000 0.209663
373.684211 1.653470 18893.000000 0.209561
373.684211 1.818817 18702.000000 0.214630
373.684211 1.984164 18541.000000 0.225870
373.684211 2.149511 18323.000000 0.240694
373.684211 2.314858 18325.000000 0.258534
373.684211 2.480205 18219.000000 0.272483
373.684211 2.645552 18242.000000 0.289675
373.684211 2.810899 18300.000000 0.304181
373.684211 2.976246 17953.000000 0.310615
373.684211 3.141593 17940.000000 0.312675
418.421053 0.000000 18239.000000 0.290020
418.421053 0.165347 18294.000000 0.289575
418.421053 0.330694 18052.000000 0.281428
418.421053 0.496041 18233.000000 0.267080
418.421053 0.661388 18412.000000 0.249534
418.421053 0.826735 18660.000000 0.235806
418.421053 0.992082 18926.000000 0.217609
418.421053 1.157429 18951.000000 0.202544
418.421053 1.322776 19129.000000 0.191390
418.421053 1.488123 19047.000000 0.186078
418.421053 1.653470 18782.000000 0.186577
418.421053 1.818817 18637.000000 0.191203
418.421053 1.984164 18923.000000 0.202493
418.421053 2.149511 18717.000000 0.217437
418.421053 2.314858 18827.000000 0.234021
418.421053 2.480205 18418.000000 0.249325
418.421053 2.645552 18652.000000 0.267061
418.421053 2.810899 18517.000000 0.280842
418.421053 2.976246 18222.000000 0.290322
418.421053 3.141593 18225.000000 0.290798
463.157895 0.000000 18665.000000 0.267442
463.157895 0.165347 18768.000000 0.268632
463.157895 0.330694 18623.000000 0.259220
463.157895 0.496041 18719.000000 0.246285
463.157895 0.661388 18776.000000 0.228055
463.157895 0.826735 18922.000000 0.212993
463.157895 0.992082 18907.000000 0.196301
463.157895 1.157429 19001.000000 0.180641
463.157895 1.322776 19123.000000 0.169887
463.157895 1.488123 18991.000000 0.164815
463.157895 1.653470 19091.000000 0.164387
463.157895 1.818817 19293.000000 0.169978
463.157895 1.984164 19122.000000 0.181328
463.157895 2.149511 18877.000000 0.195594
463.157895 2.314858 18796.000000 0.214318
463.157895 2.480205 18614.000000 0.228129
463.157895 2.645552 18513.000000 0.244321
463.157895 2.810899 18591.000000 0.257901
463.157895 2.976246 18589.000000 0.266860
463.157895 3.141593 18334.000000 0.267806
507.894737 0.000000 18931.000000 0.247273
507.894737 0.165347 18582.000000 0.246235
507.894737 0.330694 18773.000000 0.238783
507.894737 0.496041 18830.000000 0.224756
507.894737 0.661388 18934.000000 0.207653
507.894737 0.826735 18892.000000 0.192403
507.894737 0.992082 19066.000000 0.176553
507.894737 1.157429 19237.000000 0.161837
507.894737 1.322776 19081.000000 0.150634
507.894737 1.488123 19325.000000 0.145635
507.894737 1.653470 19446.000000 0.145212
507.894737 1.818817 19268.000000 0.150961
507.894737 1.984164 19242.000000 0.161168
507.894737 2.149511 19223.000000 0.175875
507.894737 2.314858 19124.000000 0.193279
507.894737 2.480205 19048.000000 0.207999
507.894737 2.645552 18836.000000 0.224817
507.894737 2.810899 18790.000000 0.238479
507.894737 2.976246 18706.000000 0.245978
507.894737 3.141593 18873.000000 0.247497
552.631579 0.000000 19116.000000 0.227225
552.631579 0.165347 18846.000000 0.225391
552.631579 0.330694 19152.000000 0.218156
552.631579 0.496041 18911.000000 0.204763
552.631579 0.661388 18901.000000 0.188946
552.631579 0.826735 18921.000000 0.174855
552.631579 0.992082 19235.000000 0.157560
552.631579 1.157429 19369.000000 0.143358
552.631579 1.322776 19495.000000 0.133563
552.631579 1.488123 19594.000000 0.128433
552.631579 1.653470 19693.000000 0.128368
552.631579 1.818817 19447.000000 0.133441
552.631579 1.984164 19504.000000 0.143588
552.631579 2.149511 19391.000000 0.157849
552.631579 2.314858 19244.000000 0.174601
552.631579 2.480205 18982.000000 0.189252
552.631579 2.645552 19238.000000 0.204663
552.631579 2.810899 18842.000000 0.217727
552.631579 2.976246 19044.000000 0.225448
552.631579 3.141593 19001.000000 0.227470
597.368421 0.000000 18811.000000 0.208255
597.368421 0.165347 19007.000000 0.205825
597.368421 0.330694 19335.000000 0.199342
597.368421 0.496041 19341.000000 0.187545
597.368421 0.661388 19379.000000 0.171201
597.368421 0.826735 19460.000000 0.156949
597.368421 0.992082 19637.000000 0.141593
597.368421 1.157429 19598.000000 0.127683
597.368421 1.322776 19761.000000 0.117731
597.368421 1.488123 19734.000000 0.112485
597.368421 1.653470 19710.000000 0.113107
597.368421 1.818817 20014.000000 0.117823
597.368421 1.984164 19727.000000 0.127746
597.368421 2.149511 19529.000000 0.141615
597.368421 2.314858 19378.000000 0.157279
597.368421 2.480205 19212.000000 0.171747
597.368421 2.645552 19074.000000 0.187389
597.368421 2.810899 19034.000000 0.198482
597.368421 2.976246 19098.000000 0.206825
597.368421 3.141593 18969.000000 0.208209
642.105263 0.000000 19387.000000 0.190143
642.105263 0.165347 19554.000000 0.188949
642.105263 0.330694 19385.000000 0.181465
642.105263 0.496041 19573.000000 0.169067
642.105263 0.661388 19528.000000 0.154736
642.105263 0.826735 19681.000000 0.141604
642.105263 0.992082 19777.000000 0.126425
642.105263 1.157429 19715.000000 0.113714
642.105263 1.322776 19760.000000 0.103821
642.105263 1.488123 19900.000000 0.099140
642.105263 1.653470 19926.000000 0.099081
642.105263 1.818817 19704.000000 0.103967
642.105263 1.984164 19817.000000 0.113226
642.105263 2.149511 19672.000000 0.126159
642.105263 2.314858 19429.000000 0.141421
642.105263 2.480205 19344.000000 0.156023
642.105263 2.645552 19659.000000 0.169810
642.105263 2.810899 19133.000000 0.181627
642.105263 2.976246 19267.000000 0.188535
642.105263 3.141593 19351.000000 0.191292
686.842105 0.000000 19472.000000 0.173252
686.842105 0.165347 19484.000000 0.172357
686.842105 0.330694 19747.000000 0.164945
686.842105 0.496041 19437.000000 0.154502
686.842105 0.661388 19559.000000 0.140364
686.842105 0.826735 19673.000000 0.127915
686.842105 0.992082 19897.000000 0.113361
686.842105 1.157429 19821.000000 0.100960
686.842105 1.322776 19914.000000 0.091591
686.842105 1.488123 20124.000000 0.087081
686.842105 1.653470 19995.000000 0.087105
686.842105 1.818817 19915.000000 0.091958
686.842105 1.984164 19817.000000 0.100570
686.842105 2.149511 19737.000000 0.112713
686.842105 2.314858 19685.000000 0.126837
686.842105 2.480205 19652.000000 0.140129
686.842105 2.645552 19377.000000 0.153557
686.842105 2.810899 19504.000000 0.165085
686.842105 2.976246 19627.000000 0.172063
686.842105 3.141593 19828.000000 0.173689
731.578947 0.000000 19770.000000 0.157125
731.578947 0.165347 19697.000000 0.156459
731.578947 0.330694 19573.000000 0.150237
731.578947 0.496041 19948.000000 0.139656
731.578947 0.661388 19792.000000 0.125997
731.578947 0.826735 20041.000000 0.113823
731.578947 0.992082 19715.000000 0.100642
731.578947 1.157429 20058.000000 0.089033
731.578947 1.322776 20120.000000 0.080391
731.578947 1.488123 20076.000000 0.076207
731.578947 1.653470 20146.000000 0.076208
731.578947 1.818817 20199.000000 0.080957
731.578947 1.984164 19807.000000 0.088747
731.578947 2.149511 19947.000000 0.100820
731.578947 2.314858 20032.000000 0.114256
731.578947 2.480205 19752.000000 0.125687
731.578947 2.645552 19620.000000 0.139567
731.578947 2.810899 19990.000000 0.149253
731.578947 2.976246 19450.000000 0.156393
731.578947 3.141593 19577.000000 0.157629
776.315789 0.000000 19999.000000 0.142144
776.315789 0.165347 19816.000000 0.141827
776.315789 0.330694 19822.000000 0.135428
776.315789 0.496041 19624.000000 0.125801
776.315789 0.661388 20099.000000 0.113774
776.315789 0.826735 19802.000000 0.102249
776.315789 0.992082 20068.000000 0.089657
776.315789 1.157429 20001.000000 0.078497
776.315789 1.322776 20177.000000 0.071197
776.315789 1.488123 20000.000000 0.067080
776.315789 1.653470 20226.000000 0.066905
776.315789 1.818817 20303.000000 0.070801
776.315789 1.984164 19970.000000 0.078728
776.315789 2.149511 20173.000000 0.089828
776.315789 2.314858 19900.000000 0.102206
776.315789 2.480205 20023.000000 0.113886
776.315789 2.645552 19568.000000 0.125618
776.315789 2.810899 19809.000000 0.136343
776.315789 2.976246 19601.000000 0.142000
776.315789 3.141593 20054.000000 0.142464
821.052632 0.000000 19950.000000 0.129257
821.052632 0.165347 20006.000000 0.128483
821.052632 0.330694 19869.000000 0.122759
821.052632 0.496041 20187.000000 0.113134
821.052632 0.661388 19834.000000 0.102262
821.052632 0.826735 19998.000000 0.091477
821.052632 0.992082 20094.000000 0.079680
821.052632 1.157429 20377.000000 0.069627
821.052632 1.322776 20266.000000 0.062675
821.052632 1.488123 20562.000000 0.058464
821.052632 1.653470 20314.000000 0.058572
821.052632 1.818817 20368.000000 0.062359
821.052632 1.984164 20163.000000 0.069334
821.052632 2.149511 19819.000000 0.079998
821.052632 2.314858 19936.000000 0.091738
821.052632 2.480205 20156.000000 0.102257
821.052632 2.645552 20003.000000 0.113477
821.052632 2.810899 20058.000000 0.122466
821.052632 2.976246 19967.000000 0.128169
821.052632 3.141593 19846.000000 0.129263
865.789474 0.000000 19895.000000 0.116304
865.789474 0.165347 20208.000000 0.116417
865.789474 0.330694 19983.000000 0.110473
865.789474 0.496041 20066.000000 0.102689
865.789474 0.661388 20278.000000 0.091554
865.789474 0.826735 20099.000000 0.081841
865.789474 0.992082 20459.000000 0.070816
865.789474 1.157429 20483.000000 0.061336
865.789474 1.322776 20096.000000 0.054754
865.789474 1.488123 20249.000000 0.051230
865.789474 1.653470 20471.000000 0.050962
865.789474 1.818817 20562.000000 0.054715
865.789474 1.984164 20617.000000 0.061391
865.789474 2.149511 20307.000000 0.071048
865.789474 2.314858 20057.000000 0.081263
865.789474 2.480205 20259.000000 0.091571
865.789474 2.645552 20097.000000 0.102491
865.789474 2.810899 20309.000000 0.110274
865.789474 2.976246 20062.000000 0.116077
865.789474 3.141593 20112.000000 0.116675
910.526316 0.000000 20452.000000 0.105407
910.526316 0.165347 20186.000000 0.104265
910.526316 0.330694 20173.000000 0.099383
910.526316 0.496041 20254.000000 0.091871
910.526316 0.661388 20256.000000 0.081941
910.526316 0.826735 20236.000000 0.072832
910.526316 0.992082 20263.000000 0.062637
910.526316 1.157429 20276.000000 0.053983
910.526316 1.322776 20461.000000 0.048061
910.526316 1.488123 20451.000000 0.044620
910.526316 1.653470 20465.000000 0.044670
910.526316 1.818817 20595.000000 0.047810
910.526316 1.984164 20400.000000 0.054196
910.526316 2.149511 20236.000000 0.063105
910.526316 2.314858 20273.000000 0.072771
910.526316 2.480205 20295.000000 0.082176
910.526316 2.645552 20320.000000 0.091511
910.526316 2.810899 20356.000000 0.099379
910.526316 2.976246 20409.000000 0.104197
910.526316 3.141593 20229.000000 0.105332
955.263158 0.000000 20112.000000 0.095153
955.263158 0.165347 20274.000000 0.093789
955.263158 0.330694 20672.000000 0.090024
955.263158 0.496041 20211.000000 0.082432
955.263158 0.661388 20340.000000 0.073428
955.263158 0.826735 20477.000000 0.064829
955.263158 0.992082 20224.000000 0.055876
955.263158 1.157429 20421.000000 0.047680
955.263158 1.322776 20659.000000 0.042049
955.263158 1.488123 20747.000000 0.038786
955.263158 1.653470 20558.000000 0.038946
955.263158 1.818817 20594.000000 0.041844
955.263158 1.984164 20502.000000 0.047519
955.263158 2.149511 20234.000000 0.055799
955.263158 2.314858 20318.000000 0.064897
955.263158 2.480205 20502.000000 0.073752
955.263158 2.645552 20371.000000 0.082235
955.263158 2.810899 20223.000000 0.089873
955.263158 2.976246 20087.000000 0.093674
955.263158 3.141593 20288.000000 0.094904
1000.000000 0.000000 20525.000000 0.085327
1000.000000 0.165347 20385.000000 0.083801
1000.000000 0.330694 20355.000000 0.080129
1000.000000 0.496041 20475.000000 0.073540
1000.000000 0.661388 20695.000000 0.065594
1000.000000 0.826735 20240.000000 0.057800
1000.000000 0.992082 20695.000000 0.049349
1000.000000 1.157429 20626.000000 0.041826
1000.000000 1.322776 20713.000000 0.036729
1000.000000 1.488123 20749.000000 0.033833
1000.000000 1.653470 21019.000000 0.033877
1000.000000 1.818817 20605.000000 0.036787
1000.000000 1.984164 20732.000000 0.041935
1000.000000 2.149511 20389.000000 0.049454
1000.000000 2.314858 20407.000000 0.057808
1000.000000 2.480205 20737.000000 0.065508
1000.000000 2.645552 20369.000000 0.073788
1000.000000 2.810899 20441.000000 0.080810
1000.000000 2.976246 20567.000000 0.084902
1000.000000 3.141593 20504.000000 0.085251
