150. 0. 47894.45380345039 0.8534872611120983
150. 0.224399 47942.78567626973 0.8511439421493193
150. 0.448799 47314.89888174292 0.8797253598223961
150. 0.673198 47438.14989146416 0.9017365949040484
150. 0.897598 47053.54466259556 0.9300012636880279
150. 1.121997 46669.58785726594 0.9548531900847759
150. 1.346397 46450.288469481646 0.9591082652394871
150. 1.570796 46787.167913957295 0.9736747613978721
150. 1.795196 46484.21471653618 0.9590733957347751
150. 2.019595 46931.24421731217 0.9552316808720588
150. 2.243995 47103.198412696824 0.9301669558538416
150. 2.468394 47143.8634339436 0.9021645339669846
150. 2.692794 47487.43736856448 0.8796767227585175
150. 2.917193 47752.55924660017 0.8515726405811885
150. 3.141593 47976.92526249161 0.8534872611120983
210.714286 0. 48868.00638145692 0.7523689960794169
210.714286 0.224399 48857.74217062651 0.7534476519096981
210.714286 0.448799 48198.38327583532 0.7880739491016419
210.714286 0.673198 48067.38064188334 0.8213436767048732
210.714286 0.897598 47976.847592013575 0.8619320291917303
210.714286 1.121997 47728.7298973169 0.8977974005755618
210.714286 1.346397 47644.80520509328 0.9096358368049227
210.714286 1.570796 47601.948695859726 0.9266208455581839
210.714286 1.795196 47679.86138459524 0.9098138878789424
210.714286 2.019595 47600.038528523146 0.8976612069815043
210.714286 2.243995 47824.86991150009 0.8620526209857363
210.714286 2.468394 48430.05857431449 0.821351483590441
210.714286 2.692794 48608.26709522258 0.7879551131380174
210.714286 2.917193 48456.03180918387 0.753522308330578
210.714286 3.141593 48862.10828575881 0.7523689960794169
271.428571 0. 49488.02861320493 0.6532467801489186
271.428571 0.224399 49792.408287765094 0.6576281743920936
271.428571 0.448799 49249.93848073941 0.6963272128940471
271.428571 0.673198 49136.4280602673 0.737495680499882
271.428571 0.897598 48621.02281624753 0.7876284438954083
271.428571 1.121997 48526.91347440554 0.8307937576806119
271.428571 1.346397 48492.02110517697 0.8486997307414443
271.428571 1.570796 48584.95387592013 0.8674064636375346
271.428571 1.795196 48354.08473614307 0.8489038496203017
271.428571 2.019595 48553.058235261626 0.8309346765985489
271.428571 2.243995 48505.627948157264 0.7873832695536231
271.428571 2.468394 49046.795768627475 0.7376454844705068
271.428571 2.692794 49222.369148450845 0.6961388793997804
271.428571 2.917193 49750.892943235085 0.6579178176057675
271.428571 3.141593 49355.09687689911 0.6532467801489186
332.142857 0. 49963.55348337493 0.5623005267241826
332.142857 0.224399 50119.649569106674 0.5685697259616658
332.142857 0.448799 50115.51162347946 0.6092986122315512
332.142857 0.673198 49459.60400072152 0.6549116171954078
332.142857 0.897598 49484.523926335736 0.7102364518083736
332.142857 1.121997 49246.53488276936 0.7584497993985055
332.142857 1.346397 49116.07229070404 0.7813057035217641
332.142857 1.570796 49013.61365507951 0.7999785785011485
332.142857 1.795196 49068.37802475338 0.7812432324812543
332.142857 2.019595 49109.20767810025 0.7585275772019872
332.142857 2.243995 49154.43355274844 0.7105064932562613
332.142857 2.468394 49802.930218956404 0.6550119313049393
332.142857 2.692794 49811.40168855314 0.6092385417044864
332.142857 2.917193 50139.67593274753 0.5686336561797487
332.142857 3.141593 49983.5448712194 0.5623005267241826
392.857143 0. 50590.37690611038 0.4797003345037835
392.857143 0.224399 50763.73470392874 0.487473707171443
392.857143 0.448799 50420.16493565309 0.529264141358078
392.857143 0.673198 50578.522387497644 0.5775184795817726
392.857143 0.897598 50131.34394956326 0.6353744594767338
392.857143 1.121997 49582.61555724338 0.6860047940193804
392.857143 1.346397 49413.546985779154 0.7113752264326724
392.857143 1.570796 49490.16069083199 0.7301366118097515
392.857143 1.795196 49526.844567849585 0.7112352596372757
392.857143 2.019595 49741.797871449635 0.6860359610494354
392.857143 2.243995 49887.2837774277 0.6352376622148193
392.857143 2.468394 50284.78230139146 0.577456477431047
392.857143 2.692794 50701.64843019885 0.5291156144640181
392.857143 2.917193 50607.80498616744 0.487608805996488
392.857143 3.141593 50563.16750547978 0.4797003345037835
453.571429 0. 51318.29150494147 0.4077830027200122
453.571429 0.224399 50940.15657337063 0.4163119417802279
453.571429 0.448799 51071.13233694712 0.4569683808566832
453.571429 0.673198 50890.608922370026 0.5062500478530312
453.571429 0.897598 50538.10556071542 0.5648567135762348
453.571429 1.121997 50272.15966258359 0.6161329822892788
453.571429 1.346397 50043.55652631545 0.642178537977733
453.571429 1.570796 49863.43871253444 0.6604529940547857
453.571429 1.795196 50469.63077919446 0.6421562754329206
453.571429 2.019595 50456.985371383 0.6155796641694103
453.571429 2.243995 50216.932197923255 0.5646192777066698
453.571429 2.468394 50716.109142122434 0.5060400614082067
453.571429 2.692794 50851.92051343543 0.4569161936761898
453.571429 2.917193 51164.11122019911 0.41636769766539566
453.571429 3.141593 51416.338248291664 0.4077830027200122
514.285714 0. 51405.14027111905 0.34479441029383395
514.285714 0.224399 51305.28496711992 0.35359794243021453
514.285714 0.448799 51297.66063722558 0.3929663594045651
514.285714 0.673198 51314.99755971093 0.4415097529597585
514.285714 0.897598 51200.4045246786 0.49923742360325457
514.285714 1.121997 50510.30626332856 0.5489673807941168
514.285714 1.346397 50229.16521351543 0.575752304541522
514.285714 1.570796 51004.28406621048 0.5927039654734387
514.285714 1.795196 50643.4322753566 0.5756276693870144
514.285714 2.019595 51033.8580723867 0.5488913447763477
514.285714 2.243995 51244.378559444325 0.49912094250595895
514.285714 2.468394 51280.49885051806 0.4414077598469043
514.285714 2.692794 51353.24716810844 0.3929885402199965
514.285714 2.917193 51323.865166281365 0.35364232174378996
514.285714 3.141593 51550.27852035417 0.34479441029383395
575. 0. 52010.398300906214 0.29055296832527683
575. 0.224399 51773.04048793559 0.29943757389795816
575. 0.448799 51757.1667887217 0.3366862787592716
575. 0.673198 51521.99981782384 0.3833218686988562
575. 0.897598 51264.31964761867 0.43876387188463445
575. 1.121997 51139.19508765491 0.4863660540746627
575. 1.346397 50966.80621423499 0.5128187954678023
575. 1.570796 50974.2151567199 0.5286472314693559
575. 1.795196 51391.716033286066 0.5125758494754736
575. 2.019595 51316.13630998768 0.4863763622683994
575. 2.243995 51544.086656430925 0.4386981521400543
575. 2.468394 51431.00906052575 0.38319601778540596
575. 2.692794 51262.258347269766 0.33678447229786546
575. 2.917193 51837.253542773244 0.2993743355832208
575. 3.141593 52110.80797403198 0.29055296832527683
635.714286 0. 52067.379460313015 0.24415777227289223
635.714286 0.224399 52058.76214370386 0.25270224200689206
635.714286 0.448799 51850.77564386889 0.2876457110142033
635.714286 0.673198 51896.299950681685 0.3317444758997011
635.714286 0.897598 51879.41979453382 0.38409927917371645
635.714286 1.121997 51748.3404345589 0.4289049605629266
635.714286 1.346397 51370.64871064646 0.4540837094044279
635.714286 1.570796 51586.84505817508 0.4691910855859104
635.714286 1.795196 51743.66870402664 0.45406606990797915
635.714286 2.019595 51468.90479834218 0.4287803790680487
635.714286 2.243995 51907.54462942469 0.3838111055121252
635.714286 2.468394 51581.34984041808 0.33148817290501786
635.714286 2.692794 52188.94403868619 0.2875159690880536
635.714286 2.917193 52207.8805134638 0.25279539814072294
635.714286 3.141593 51992.30464005607 0.24415777227289223
696.428571 0. 52131.71633855656 0.20458988583111815
696.428571 0.224399 52206.388801461944 0.21284300096461758
696.428571 0.448799 52200.46650892243 0.2449721603414475
696.428571 0.673198 52022.85459724461 0.28602282456402406
696.428571 0.897598 52166.30040308814 0.33485468007117614
696.428571 1.121997 52006.21610942872 0.3766392360775231
696.428571 1.346397 51671.68074057157 0.4004962788587418
696.428571 1.570796 51535.89469202957 0.414428030247379
696.428571 1.795196 51917.622417349776 0.4004125766178043
696.428571 2.019595 51768.98573848097 0.3767020473303016
696.428571 2.243995 52085.030910916736 0.33474043989522606
696.428571 2.468394 51884.38072244695 0.28599948836644823
696.428571 2.692794 52210.41025209013 0.2449080760533479
696.428571 2.917193 52116.68623093706 0.21285800217125567
696.428571 3.141593 52108.77634928977 0.20458988583111815
757.142857 0. 52675.85103915709 0.17107863546347774
757.142857 0.224399 52503.589386770494 0.1789308526325112
757.142857 0.448799 52620.50917838934 0.20807578683904765
757.142857 0.673198 52397.36440365006 0.2460334973575754
757.142857 0.897598 52173.71038110557 0.2910498959963989
757.142857 1.121997 52306.56799834149 0.3294580677294046
757.142857 1.346397 51902.706151310864 0.35169959933954703
757.142857 1.570796 51805.13845784472 0.364096825944668
757.142857 1.795196 51854.47580478493 0.3515179282620271
757.142857 2.019595 51901.15905251292 0.32951041515889595
757.142857 2.243995 52085.77929503298 0.2909650133500936
757.142857 2.468394 52397.76104499412 0.24600379635595315
757.142857 2.692794 52377.09157303964 0.20818254804446323
757.142857 2.917193 52377.85468406396 0.17882760981698426
757.142857 3.141593 52385.32224249912 0.17107863546347774
817.857143 0. 52611.46375778531 0.1427282852421558
817.857143 0.224399 52801.492948652674 0.1500295783580316
817.857143 0.448799 52640.32693700216 0.1765291832562722
817.857143 0.673198 52437.630582588434 0.21111975830440738
817.857143 0.897598 52271.093866850424 0.2520436979419436
817.857143 1.121997 52173.677894209824 0.2872304367896541
817.857143 1.346397 52157.55331984014 0.3073875297547823
817.857143 1.570796 51958.38388507808 0.3187007136455924
817.857143 1.795196 52155.76470864734 0.3074564283590978
817.857143 2.019595 52476.98808571381 0.28713845617155564
817.857143 2.243995 52164.59365724314 0.25199982656526676
817.857143 2.468394 52303.55912706045 0.21103902553074966
817.857143 2.692794 52597.01151048537 0.17648920173858465
817.857143 2.917193 52759.082440090955 0.14993533839676407
817.857143 3.141593 52630.94081748915 0.1427282852421558
878.571429 0. 52824.09242358095 0.11883992372045565
878.571429 0.224399 52724.84460640501 0.12543035278776665
878.571429 0.448799 52619.57052604167 0.14930431383904366
878.571429 0.673198 52685.14978810154 0.18062708002742336
878.571429 0.897598 52499.3645975653 0.21758660697830082
878.571429 1.121997 52589.24138550742 0.24950282023734732
878.571429 1.346397 52276.981377248965 0.26794355173596546
878.571429 1.570796 52788.28464993211 0.2781440468910708
878.571429 1.795196 52394.733572933466 0.2678995282168033
878.571429 2.019595 52264.73035840949 0.24935663403977823
878.571429 2.243995 52336.76506358403 0.2175979389632979
878.571429 2.468394 52217.928990108725 0.18059999477136898
878.571429 2.692794 52687.35868897117 0.14928305653185447
878.571429 2.917193 52760.58927200563 0.12548707118335223
878.571429 3.141593 52908.19667851819 0.11883992372045565
939.285714 0. 53325.924297910155 0.09871455287557701
939.285714 0.224399 53054.14681460061 0.10470631109738004
939.285714 0.448799 52725.575222466614 0.12601212075522164
939.285714 0.673198 52845.65925515499 0.15413794013094267
939.285714 0.897598 52645.29767002359 0.18741906058910526
939.285714 1.121997 52924.65841545989 0.21597986552219545
939.285714 1.346397 52852.81522200937 0.23270358713523218
939.285714 1.570796 52733.477669604916 0.241840409478852
939.285714 1.795196 52585.31373183476 0.23263352720258496
939.285714 2.019595 52825.459850711995 0.2158649285007539
939.285714 2.243995 52563.518439379375 0.18732360048101665
939.285714 2.468394 52928.64604843542 0.15421455135195697
939.285714 2.692794 52818.97016476789 0.126028206638185
939.285714 2.917193 52971.54355981053 0.10472132911237347
939.285714 3.141593 53039.457396660255 0.09871455287557701
1000. 0. 53208. 0.081854
1000. 0.224399 53000.325752404206 0.08728083515743373
1000. 0.448799 52916.47851523612 0.10618592968497759
1000. 0.673198 52682.85979673533 0.13128947657513032
1000. 0.897598 52884.23878916712 0.1609173025858524
1000. 1.121997 52605.94127767012 0.18635098004681058
1000. 1.346397 52417.81203834426 0.2013816927956652
1000. 1.570796 52869. 0.209465
1000. 1.795196 52928.517359944555 0.20136363338982557
1000. 2.019595 52597.935572744434 0.18626371280159912
1000. 2.243995 52969.85160825961 0.16090291937792017
1000. 2.468394 53051.66751734992 0.13124015673262004
1000. 2.692794 53043.28853221513 0.1062168888258351
1000. 2.917193 53150.31717476667 0.08722580085582456
1000. 3.141593 53298. 0.081854