150.000000 0.000000 17053.000000 0.357842
150.000000 0.165347 17170.000000 0.361368
150.000000 0.330694 17210.000000 0.364498
150.000000 0.496041 16916.000000 0.372441
150.000000 0.661388 16709.000000 0.375423
150.000000 0.826735 16510.000000 0.389825
150.000000 0.992082 16685.000000 0.398583
150.000000 1.157429 16511.000000 0.404991
150.000000 1.322776 16243.000000 0.409287
150.000000 1.488123 16356.000000 0.413040
150.000000 1.653470 16313.000000 0.412393
150.000000 1.818817 16411.000000 0.409124
150.000000 1.984164 16433.000000 0.404520
150.000000 2.149511 16544.000000 0.398307
150.000000 2.314858 16596.000000 0.391238
150.000000 2.480205 16649.000000 0.375354
150.000000 2.645552 16967.000000 0.373121
150.000000 2.810899 17020.000000 0.366034
150.000000 2.976246 17087.000000 0.361247
150.000000 3.141593 17331.000000 0.357930
194.736842 0.000000 17545.000000 0.325438
194.736842 0.165347 17429.000000 0.330151
194.736842 0.330694 17293.000000 0.335620
194.736842 0.496041 17349.000000 0.343043
194.736842 0.661388 17279.000000 0.349011
194.736842 0.826735 16966.000000 0.366240
194.736842 0.992082 17051.000000 0.377133
194.736842 1.157429 16739.000000 0.386070
194.736842 1.322776 16598.000000 0.391680
194.736842 1.488123 16651.000000 0.396063
194.736842 1.653470 16610.000000 0.396272
194.736842 1.818817 16578.000000 0.392206
194.736842 1.984164 16900.000000 0.388288
194.736842 2.149511 16670.000000 0.377164
194.736842 2.314858 17068.000000 0.367560
194.736842 2.480205 17185.000000 0.350608
194.736842 2.645552 17264.000000 0.344159
194.736842 2.810899 17343.000000 0.333716
194.736842 2.976246 17578.000000 0.327597
194.736842 3.141593 17406.000000 0.325423
239.473684 0.000000 17896.000000 0.293052
239.473684 0.165347 17782.000000 0.296874
239.473684 0.330694 17564.000000 0.303476
239.473684 0.496041 17563.000000 0.314082
239.473684 0.661388 17474.000000 0.321526
239.473684 0.826735 17347.000000 0.340663
239.473684 0.992082 17290.000000 0.354911
239.473684 1.157429 16988.000000 0.366240
239.473684 1.322776 17097.000000 0.373158
239.473684 1.488123 16922.000000 0.378304
239.473684 1.653470 16905.000000 0.377507
239.473684 1.818817 17070.000000 0.372525
239.473684 1.984164 17090.000000 0.365986
239.473684 2.149511 17190.000000 0.354291
239.473684 2.314858 17448.000000 0.343166
239.473684 2.480205 17605.000000 0.319329
239.473684 2.645552 17696.000000 0.312065
239.473684 2.810899 17680.000000 0.302880
239.473684 2.976246 17734.000000 0.297135
239.473684 3.141593 17740.000000 0.294451
284.210526 0.000000 18217.000000 0.263243
284.210526 0.165347 18063.000000 0.267590
284.210526 0.330694 18132.000000 0.274088
284.210526 0.496041 17870.000000 0.284927
284.210526 0.661388 17745.000000 0.295470
284.210526 0.826735 17788.000000 0.314721
284.210526 0.992082 17480.000000 0.330511
284.210526 1.157429 17480.000000 0.340295
284.210526 1.322776 17523.000000 0.351066
284.210526 1.488123 17566.000000 0.356109
284.210526 1.653470 17138.000000 0.356296
284.210526 1.818817 17321.000000 0.349418
284.210526 1.984164 17693.000000 0.342802
284.210526 2.149511 17639.000000 0.329052
284.210526 2.645552 17794.000000 0.285517
284.210526 2.810899 18026.000000 0.273795
284.210526 2.976246 18207.000000 0.267820
284.210526 3.141593 18214.000000 0.263541
328.947368 0.000000 18739.000000 0.234862
328.947368 0.165347 18617.000000 0.238600
328.947368 0.330694 18306.000000 0.245706
328.947368 0.496041 18203.000000 0.258292
328.947368 0.661388 18064.000000 0.269967
328.947368 0.826735 17967.000000 0.290197
328.947368 0.992082 17901.000000 0.306722
328.947368 1.157429 17736.000000 0.319794
328.947368 1.322776 17777.000000 0.329059
328.947368 1.488123 17527.000000 0.335323
328.947368 1.653470 17660.000000 0.335047
328.947368 1.818817 17775.000000 0.330034
328.947368 1.984164 17740.000000 0.320522
328.947368 2.149511 17911.000000 0.306333
328.947368 2.314858 18100.000000 0.291420
328.947368 2.480205 17952.000000 0.271308
328.947368 2.645552 18210.000000 0.259074
328.947368 2.810899 18344.000000 0.245915
328.947368 2.976246 18475.000000 0.239185
328.947368 3.141593 18471.000000 0.234573
373.684211 0.000000 18904.000000 0.208823
373.684211 0.165347 18598.000000 0.211797
373.684211 0.330694 18633.000000 0.219343
373.684211 0.496041 18619.000000 0.233398
373.684211 0.661388 18453.000000 0.245717
373.684211 0.826735 18453.000000 0.268236
373.684211 0.992082 18075.000000 0.282156
373.684211 1.157429 18226.000000 0.297891
373.684211 1.322776 18180.000000 0.306707
373.684211 1.488123 17909.000000 0.313727
373.684211 1.653470 18152.000000 0.313334
373.684211 1.818817 18319.000000 0.306262
373.684211 1.984164 17945.000000 0.298028
373.684211 2.149511 18135.000000 0.281551
373.684211 2.314858 18376.000000 0.266813
373.684211 2.480205 18204.000000 0.245840
373.684211 2.645552 18771.000000 0.234024
373.684211 2.810899 18795.000000 0.219923
373.684211 2.976246 18754.000000 0.212365
373.684211 3.141593 18678.000000 0.208692
418.421053 0.000000 18990.000000 0.184313
418.421053 0.165347 19087.000000 0.188012
418.421053 0.330694 18817.000000 0.196913
418.421053 0.496041 18534.000000 0.209273
418.421053 0.661388 18642.000000 0.224048
418.421053 0.826735 18535.000000 0.244844
418.421053 0.992082 18531.000000 0.260626
418.421053 1.157429 18419.000000 0.274908
418.421053 1.322776 18395.000000 0.283941
418.421053 1.488123 18101.000000 0.291902
418.421053 1.653470 18278.000000 0.292498
418.421053 1.818817 18422.000000 0.284495
418.421053 1.984164 18556.000000 0.273134
418.421053 2.149511 18542.000000 0.259347
418.421053 2.314858 18409.000000 0.244236
418.421053 2.480205 18684.000000 0.222499
418.421053 2.645552 18723.000000 0.209091
418.421053 2.810899 19237.000000 0.195572
418.421053 2.976246 18855.000000 0.188117
418.421053 3.141593 18843.000000 0.185030
463.157895 0.000000 19321.000000 0.162718
463.157895 0.165347 19218.000000 0.167123
463.157895 0.330694 19073.000000 0.174108
463.157895 0.496041 19190.000000 0.187611
463.157895 0.661388 18732.000000 0.200529
463.157895 0.826735 18804.000000 0.221952
463.157895 0.992082 18660.000000 0.238620
463.157895 1.157429 18856.000000 0.253032
463.157895 1.322776 18409.000000 0.262523
463.157895 1.488123 18493.000000 0.268997
463.157895 1.653470 18557.000000 0.269228
463.157895 1.818817 18444.000000 0.262224
463.157895 1.984164 18492.000000 0.252361
463.157895 2.149511 18670.000000 0.236409
463.157895 2.314858 18604.000000 0.222550
463.157895 2.480205 18888.000000 0.200474
463.157895 2.645552 18949.000000 0.188650
463.157895 2.810899 19142.000000 0.175039
463.157895 2.976246 19072.000000 0.166879
463.157895 3.141593 19213.000000 0.163040
507.894737 0.000000 19114.000000 0.143978
507.894737 0.165347 19375.000000 0.147611
507.894737 0.330694 19244.000000 0.155980
507.894737 0.496041 19125.000000 0.168258
507.894737 0.661388 18983.000000 0.181695
507.894737 0.826735 19147.000000 0.200701
507.894737 0.992082 18869.000000 0.218084
507.894737 1.157429 18785.000000 0.231729
507.894737 1.322776 18596.000000 0.242157
507.894737 1.488123 18785.000000 0.246816
507.894737 1.653470 19055.000000 0.247487
507.894737 1.818817 18720.000000 0.240558
507.894737 1.984164 18751.000000 0.230862
507.894737 2.149511 18923.000000 0.217256
507.894737 2.314858 19045.000000 0.201855
507.894737 2.480205 19067.000000 0.181719
507.894737 2.645552 19099.000000 0.167795
507.894737 2.810899 19210.000000 0.155311
507.894737 2.976246 19147.000000 0.147756
507.894737 3.141593 19293.000000 0.143931
552.631579 0.000000 19567.000000 0.127338
552.631579 0.165347 19759.000000 0.130136
552.631579 0.330694 19797.000000 0.137969
552.631579 0.496041 19535.000000 0.150734
552.631579 0.661388 19199.000000 0.163716
552.631579 0.826735 19314.000000 0.182661
552.631579 0.992082 19165.000000 0.198661
552.631579 1.157429 19171.000000 0.212630
552.631579 1.322776 18959.000000 0.221836
552.631579 1.488123 18975.000000 0.227204
552.631579 1.653470 18950.000000 0.227928
552.631579 1.818817 18745.000000 0.221269
552.631579 1.984164 18988.000000 0.212417
552.631579 2.149511 18973.000000 0.198817
552.631579 2.314858 19032.000000 0.183253
552.631579 2.480205 19515.000000 0.164049
552.631579 2.645552 19132.000000 0.150267
552.631579 2.810899 19335.000000 0.137766
552.631579 2.976246 19698.000000 0.130145
552.631579 3.141593 19803.000000 0.127394
597.368421 0.000000 19678.000000 0.111938
597.368421 0.165347 19752.000000 0.114320
597.368421 0.330694 19737.000000 0.122364
597.368421 0.496041 19267.000000 0.134447
597.368421 0.661388 19444.000000 0.146914
597.368421 0.826735 19410.000000 0.164943
597.368421 0.992082 19306.000000 0.180171
597.368421 1.157429 19489.000000 0.193914
597.368421 1.322776 19371.000000 0.203075
597.368421 1.488123 19532.000000 0.208283
597.368421 1.653470 19092.000000 0.209089
597.368421 1.818817 19375.000000 0.202680
597.368421 1.984164 19322.000000 0.193764
597.368421 2.149511 19058.000000 0.180646
597.368421 2.314858 19593.000000 0.165503
597.368421 2.480205 19675.000000 0.146878
597.368421 2.645552 19758.000000 0.134170
597.368421 2.810899 19626.000000 0.122579
597.368421 2.976246 19519.000000 0.114877
597.368421 3.141593 19690.000000 0.111499
642.105263 0.000000 19891.000000 0.098117
642.105263 0.165347 19754.000000 0.100883
642.105263 0.330694 19852.000000 0.107954
642.105263 0.496041 19520.000000 0.119755
642.105263 0.661388 19603.000000 0.132059
642.105263 0.826735 19513.000000 0.149836
642.105263 0.992082 19502.000000 0.163267
642.105263 1.157429 19372.000000 0.176604
642.105263 1.322776 19518.000000 0.184505
642.105263 1.488123 19051.000000 0.190533
642.105263 1.653470 19347.000000 0.190378
642.105263 1.818817 19184.000000 0.184991
642.105263 1.984164 19442.000000 0.175908
642.105263 2.149511 19325.000000 0.162995
642.105263 2.314858 19717.000000 0.149012
642.105263 2.480205 19555.000000 0.131778
642.105263 2.645552 19605.000000 0.119358
642.105263 2.810899 19735.000000 0.108341
642.105263 2.976246 19759.000000 0.100758
642.105263 3.141593 19924.000000 0.097587
686.842105 0.000000 19933.000000 0.086151
686.842105 0.165347 19744.000000 0.088669
686.842105 0.330694 20199.000000 0.095179
686.842105 0.496041 19744.000000 0.106985
686.842105 0.661388 19641.000000 0.118249
686.842105 0.826735 19585.000000 0.134401
686.842105 0.992082 19580.000000 0.148111
686.842105 1.157429 19487.000000 0.159761
686.842105 1.322776 19289.000000 0.168094
686.842105 1.488123 19529.000000 0.173575
686.842105 1.653470 20030.000000 0.173253
686.842105 1.818817 19594.000000 0.167855
686.842105 1.984164 19609.000000 0.160098
686.842105 2.149511 19572.000000 0.147755
686.842105 2.314858 19615.000000 0.134669
686.842105 2.480205 20028.000000 0.117699
686.842105 2.645552 19830.000000 0.106339
686.842105 2.810899 19857.000000 0.095423
686.842105 2.976246 19933.000000 0.088690
686.842105 3.141593 19799.000000 0.085994
731.578947 0.000000 20109.000000 0.075474
731.578947 0.165347 19933.000000 0.078232
731.578947 0.330694 20062.000000 0.084142
731.578947 0.496041 19786.000000 0.094569
731.578947 0.661388 19876.000000 0.105798
731.578947 0.826735 20245.000000 0.120960
731.578947 0.992082 19523.000000 0.133413
731.578947 1.157429 19793.000000 0.144837
731.578947 1.322776 19833.000000 0.151994
731.578947 1.488123 19944.000000 0.158384
731.578947 1.653470 19844.000000 0.156586
731.578947 1.818817 19953.000000 0.152766
731.578947 1.984164 19818.000000 0.145601
731.578947 2.149511 19867.000000 0.133261
731.578947 2.314858 19912.000000 0.120984
731.578947 2.480205 20069.000000 0.105080
731.578947 2.645552 19866.000000 0.095126
731.578947 2.810899 19901.000000 0.084302
731.578947 2.976246 20219.000000 0.077988
731.578947 3.141593 20115.000000 0.075608
776.315789 0.000000 20361.000000 0.066251
776.315789 0.165347 20284.000000 0.068959
776.315789 0.330694 20258.000000 0.074091
776.315789 0.496041 20001.000000 0.083825
776.315789 0.661388 20095.000000 0.094024
776.315789 0.826735 20008.000000 0.108437
776.315789 0.992082 19890.000000 0.120542
776.315789 1.157429 19823.000000 0.130982
776.315789 1.322776 19987.000000 0.137790
776.315789 1.488123 19653.000000 0.143167
776.315789 1.653470 19782.000000 0.143060
776.315789 1.818817 19504.000000 0.137595
776.315789 1.984164 20223.000000 0.130940
776.315789 2.149511 19856.000000 0.120791
776.315789 2.314858 19778.000000 0.108571
776.315789 2.480205 19716.000000 0.094288
776.315789 2.645552 20057.000000 0.084171
776.315789 2.810899 20082.000000 0.074414
776.315789 2.976246 20075.000000 0.068463
776.315789 3.141593 20090.000000 0.065868
821.052632 0.000000 20338.000000 0.057615
821.052632 0.165347 20443.000000 0.059914
821.052632 0.330694 20506.000000 0.065409
821.052632 0.496041 20115.000000 0.074425
821.052632 0.661388 20287.000000 0.084230
821.052632 0.826735 20227.000000 0.097665
821.052632 0.992082 19928.000000 0.108621
821.052632 1.157429 19948.000000 0.118240
821.052632 1.322776 20133.000000 0.125002
821.052632 1.488123 20003.000000 0.129525
821.052632 1.653470 20009.000000 0.129737
821.052632 1.818817 20061.000000 0.125537
821.052632 1.984164 19842.000000 0.118355
821.052632 2.149511 20161.000000 0.108630
821.052632 2.314858 20304.000000 0.096884
821.052632 2.480205 20231.000000 0.083969
821.052632 2.645552 20221.000000 0.074450
821.052632 2.810899 20381.000000 0.065159
821.052632 2.976246 20149.000000 0.059796
821.052632 3.141593 20416.000000 0.057891
865.789474 0.000000 20345.000000 0.050565
865.789474 0.165347 20332.000000 0.052431
865.789474 0.330694 20252.000000 0.057405
865.789474 0.496041 20359.000000 0.065827
865.789474 0.661388 20220.000000 0.075204
865.789474 0.826735 20056.000000 0.087410
865.789474 0.992082 20265.000000 0.097527
865.789474 1.157429 20029.000000 0.106978
865.789474 1.322776 20260.000000 0.112423
865.789474 1.488123 20081.000000 0.117002
865.789474 1.653470 20197.000000 0.117355
865.789474 1.818817 20287.000000 0.113692
865.789474 1.984164 20289.000000 0.107093
865.789474 2.149511 20254.000000 0.097518
865.789474 2.314858 20159.000000 0.086843
865.789474 2.480205 20401.000000 0.075155
865.789474 2.645552 20383.000000 0.065892
865.789474 2.810899 20363.000000 0.057233
865.789474 2.976246 20169.000000 0.052462
865.789474 3.141593 20272.000000 0.050453
910.526316 0.000000 20312.000000 0.043990
910.526316 0.165347 20626.000000 0.045797
910.526316 0.330694 20705.000000 0.050444
910.526316 0.496041 20447.000000 0.058235
910.526316 0.661388 20428.000000 0.066601
910.526316 0.826735 20506.000000 0.078110
910.526316 0.992082 20282.000000 0.087488
910.526316 1.157429 20405.000000 0.095620
910.526316 1.322776 20311.000000 0.101597
910.526316 1.488123 20294.000000 0.105511
910.526316 1.653470 20088.000000 0.105297
910.526316 1.818817 20065.000000 0.101765
910.526316 1.984164 20282.000000 0.096379
910.526316 2.149511 20183.000000 0.087635
910.526316 2.314858 20493.000000 0.078050
910.526316 2.480205 20157.000000 0.066444
910.526316 2.645552 20445.000000 0.058340
910.526316 2.810899 20484.000000 0.050450
910.526316 2.976246 20508.000000 0.045796
910.526316 3.141593 20530.000000 0.044130
955.263158 0.000000 20814.000000 0.038529
955.263158 0.165347 20542.000000 0.040179
955.263158 0.330694 20436.000000 0.044424
955.263158 0.496041 20411.000000 0.051794
955.263158 0.661388 20529.000000 0.059064
955.263158 0.826735 20750.000000 0.070031
955.263158 0.992082 20392.000000 0.078657
955.263158 1.157429 20363.000000 0.086685
955.263158 1.322776 20321.000000 0.091614
955.263158 1.488123 20563.000000 0.095062
955.263158 1.653470 20294.000000 0.095065
955.263158 1.818817 20355.000000 0.091257
955.263158 1.984164 20820.000000 0.086015
955.263158 2.149511 20420.000000 0.078507
955.263158 2.314858 20522.000000 0.069294
955.263158 2.480205 20586.000000 0.058953
955.263158 2.645552 20522.000000 0.051455
955.263158 2.810899 20646.000000 0.044324
955.263158 2.976246 20627.000000 0.040077
955.263158 3.141593 20706.000000 0.038441
1000.000000 0.000000 20690.000000 0.033369
1000.000000 0.165347 20461.000000 0.034839
1000.000000 0.330694 20539.000000 0.038910
1000.000000 0.496041 20502.000000 0.045383
1000.000000 0.661388 20647.000000 0.052432
1000.000000 0.826735 20656.000000 0.062111
1000.000000 0.992082 20543.000000 0.070177
1000.000000 1.157429 20467.000000 0.077769
1000.000000 1.322776 20466.000000 0.082383
1000.000000 1.488123 20371.000000 0.085634
1000.000000 1.653470 20450.000000 0.085122
1000.000000 1.818817 20561.000000 0.082115
1000.000000 1.984164 20365.000000 0.077470
1000.000000 2.149511 20583.000000 0.069717
1000.000000 2.314858 20432.000000 0.062308
1000.000000 2.480205 20860.000000 0.052459
1000.000000 2.645552 20485.000000 0.045246
1000.000000 2.810899 20630.000000 0.038885
1000.000000 2.976246 20597.000000 0.035043
1000.000000 3.141593 20781.000000 0.033533
