150.000000 0.000000 2283.000000 0.357842
150.000000 0.165347 2241.000000 0.361368
150.000000 0.330694 2263.000000 0.364498
150.000000 0.496041 2264.000000 0.372441
150.000000 0.661388 2218.000000 0.375423
150.000000 0.826735 2196.000000 0.389825
150.000000 0.992082 2193.000000 0.398583
150.000000 1.157429 2293.000000 0.404991
150.000000 1.322776 2228.000000 0.409287
150.000000 1.488123 2236.000000 0.413040
150.000000 1.653470 2201.000000 0.412393
150.000000 1.818817 2242.000000 0.409124
150.000000 1.984164 2273.000000 0.404520
150.000000 2.149511 2163.000000 0.398307
150.000000 2.314858 2149.000000 0.391238
150.000000 2.480205 2272.000000 0.375354
150.000000 2.645552 2249.000000 0.373121
150.000000 2.810899 2235.000000 0.366034
150.000000 2.976246 2309.000000 0.361247
150.000000 3.141593 2310.000000 0.357930
194.736842 0.000000 2350.000000 0.325438
194.736842 0.165347 2239.000000 0.330151
194.736842 0.330694 2206.000000 0.335620
194.736842 0.496041 2241.000000 0.343043
194.736842 0.661388 2263.000000 0.349011
194.736842 0.826735 2246.000000 0.366240
194.736842 0.992082 2270.000000 0.377133
194.736842 1.157429 2219.000000 0.386070
194.736842 1.322776 2221.000000 0.391680
194.736842 1.488123 2271.000000 0.396063
194.736842 1.653470 2218.000000 0.396272
194.736842 1.818817 2210.000000 0.392206
194.736842 1.984164 2254.000000 0.388288
194.736842 2.149511 2267.000000 0.377164
194.736842 2.314858 2239.000000 0.367560
194.736842 2.480205 2279.000000 0.350608
194.736842 2.645552 2332.000000 0.344159
194.736842 2.810899 2241.000000 0.333716
194.736842 2.976246 2311.000000 0.327597
194.736842 3.141593 2328.000000 0.325423
239.473684 0.000000 2307.000000 0.293052
239.473684 0.165347 2320.000000 0.296874
239.473684 0.330694 2312.000000 0.303476
239.473684 0.496041 2259.000000 0.314082
239.473684 0.661388 2310.000000 0.321526
239.473684 0.826735 2224.000000 0.340663
239.473684 0.992082 2303.000000 0.354911
239.473684 1.157429 2302.000000 0.366240
239.473684 1.322776 2233.000000 0.373158
239.473684 1.488123 2236.000000 0.378304
239.473684 1.653470 2171.000000 0.377507
239.473684 1.818817 2211.000000 0.372525
239.473684 1.984164 2278.000000 0.365986
239.473684 2.149511 2256.000000 0.354291
239.473684 2.314858 2184.000000 0.343166
239.473684 2.480205 2281.000000 0.319329
239.473684 2.645552 2350.000000 0.312065
239.473684 2.810899 2281.000000 0.302880
239.473684 2.976246 2253.000000 0.297135
239.473684 3.141593 2325.000000 0.294451
284.210526 0.000000 2270.000000 0.263243
284.210526 0.165347 2348.000000 0.267590
284.210526 0.330694 2280.000000 0.274088
284.210526 0.496041 2375.000000 0.284927
284.210526 0.661388 2345.000000 0.295470
284.210526 0.826735 2222.000000 0.314721
284.210526 0.992082 2290.000000 0.330511
284.210526 1.157429 2249.000000 0.340295
284.210526 1.322776 2208.000000 0.351066
284.210526 1.488123 2212.000000 0.356109
284.210526 1.653470 2246.000000 0.356296
284.210526 1.818817 2310.000000 0.349418
284.210526 1.984164 2274.000000 0.342802
284.210526 2.149511 2292.000000 0.329052
284.210526 2.645552 2304.000000 0.285517
284.210526 2.810899 2300.000000 0.273795
284.210526 2.976246 2287.000000 0.267820
284.210526 3.141593 2316.000000 0.263541
328.947368 0.000000 2199.000000 0.234862
328.947368 0.165347 2216.000000 0.238600
328.947368 0.330694 2382.000000 0.245706
328.947368 0.496041 2266.000000 0.258292
328.947368 0.661388 2264.000000 0.269967
328.947368 0.826735 2324.000000 0.290197
328.947368 0.992082 2270.000000 0.306722
328.947368 1.157429 2393.000000 0.319794
328.947368 1.322776 2320.000000 0.329059
328.947368 1.488123 2178.000000 0.335323
328.947368 1.653470 2290.000000 0.335047
328.947368 1.818817 2309.000000 0.330034
328.947368 1.984164 2260.000000 0.320522
328.947368 2.149511 2215.000000 0.306333
328.947368 2.314858 2274.000000 0.291420
328.947368 2.480205 2227.000000 0.271308
328.947368 2.645552 2317.000000 0.259074
328.947368 2.810899 2317.000000 0.245915
328.947368 2.976246 2234.000000 0.239185
328.947368 3.141593 2308.000000 0.234573
373.684211 0.000000 2296.000000 0.208823
373.684211 0.165347 2299.000000 0.211797
373.684211 0.330694 2318.000000 0.219343
373.684211 0.496041 2240.000000 0.233398
373.684211 0.661388 2231.000000 0.245717
373.684211 0.826735 2319.000000 0.268236
373.684211 0.992082 2257.000000 0.282156
373.684211 1.157429 2388.000000 0.297891
373.684211 1.322776 2299.000000 0.306707
373.684211 1.488123 2203.000000 0.313727
373.684211 1.653470 2196.000000 0.313334
373.684211 1.818817 2281.000000 0.306262
373.684211 1.984164 2320.000000 0.298028
373.684211 2.149511 2280.000000 0.281551
373.684211 2.314858 2295.000000 0.266813
373.684211 2.480205 2347.000000 0.245840
373.684211 2.645552 2243.000000 0.234024
373.684211 2.810899 2309.000000 0.219923
373.684211 2.976246 2464.000000 0.212365
373.684211 3.141593 2316.000000 0.208692
418.421053 0.000000 2358.000000 0.184313
418.421053 0.165347 2335.000000 0.188012
418.421053 0.330694 2332.000000 0.196913
418.421053 0.496041 2302.000000 0.209273
418.421053 0.661388 2343.000000 0.224048
418.421053 0.826735 2287.000000 0.244844
418.421053 0.992082 2308.000000 0.260626
418.421053 1.157429 2300.000000 0.274908
418.421053 1.322776 2212.000000 0.283941
418.421053 1.488123 2330.000000 0.291902
418.421053 1.653470 2340.000000 0.292498
418.421053 1.818817 2343.000000 0.284495
418.421053 1.984164 2316.000000 0.273134
418.421053 2.149511 2285.000000 0.259347
418.421053 2.314858 2260.000000 0.244236
418.421053 2.480205 2315.000000 0.222499
418.421053 2.645552 2337.000000 0.209091
418.421053 2.810899 2318.000000 0.195572
418.421053 2.976246 2287.000000 0.188117
418.421053 3.141593 2293.000000 0.185030
463.157895 0.000000 2351.000000 0.162718
463.157895 0.165347 2238.000000 0.167123
463.157895 0.330694 2338.000000 0.174108
463.157895 0.496041 2335.000000 0.187611
463.157895 0.661388 2178.000000 0.200529
463.157895 0.826735 2361.000000 0.221952
463.157895 0.992082 2374.000000 0.238620
463.157895 1.157429 2269.000000 0.253032
463.157895 1.322776 2301.000000 0.262523
463.157895 1.488123 2242.000000 0.268997
463.157895 1.653470 2308.000000 0.269228
463.157895 1.818817 2319.000000 0.262224
463.157895 1.984164 2299.000000 0.252361
463.157895 2.149511 2272.000000 0.236409
463.157895 2.314858 2349.000000 0.222550
463.157895 2.480205 2317.000000 0.200474
463.157895 2.645552 2355.000000 0.188650
463.157895 2.810899 2404.000000 0.175039
463.157895 2.976246 2283.000000 0.166879
463.157895 3.141593 2304.000000 0.163040
507.894737 0.000000 2294.000000 0.143978
507.894737 0.165347 2336.000000 0.147611
507.894737 0.330694 2366.000000 0.155980
507.894737 0.496041 2267.000000 0.168258
507.894737 0.661388 2368.000000 0.181695
507.894737 0.826735 2288.000000 0.200701
507.894737 0.992082 2315.000000 0.218084
507.894737 1.157429 2277.000000 0.231729
507.894737 1.322776 2346.000000 0.242157
507.894737 1.488123 2354.000000 0.246816
507.894737 1.653470 2349.000000 0.247487
507.894737 1.818817 2400.000000 0.240558
507.894737 1.984164 2376.000000 0.230862
507.894737 2.149511 2306.000000 0.217256
507.894737 2.314858 2300.000000 0.201855
507.894737 2.480205 2236.000000 0.181719
507.894737 2.645552 2221.000000 0.167795
507.894737 2.810899 2286.000000 0.155311
507.894737 2.976246 2333.000000 0.147756
507.894737 3.141593 2367.000000 0.143931
552.631579 0.000000 2274.000000 0.127338
552.631579 0.165347 2139.000000 0.130136
552.631579 0.330694 2229.000000 0.137969
552.631579 0.496041 2245.000000 0.150734
552.631579 0.661388 2255.000000 0.163716
552.631579 0.826735 2305.000000 0.182661
552.631579 0.992082 2293.000000 0.198661
552.631579 1.157429 2248.000000 0.212630
552.631579 1.322776 2370.000000 0.221836
552.631579 1.488123 2287.000000 0.227204
552.631579 1.653470 2319.000000 0.227928
552.631579 1.818817 2325.000000 0.221269
552.631579 1.984164 2389.000000 0.212417
552.631579 2.149511 2313.000000 0.198817
552.631579 2.314858 2298.000000 0.183253
552.631579 2.480205 2291.000000 0.164049
552.631579 2.645552 2360.000000 0.150267
552.631579 2.810899 2282.000000 0.137766
552.631579 2.976246 2334.000000 0.130145
552.631579 3.141593 2236.000000 0.127394
597.368421 0.000000 2225.000000 0.111938
597.368421 0.165347 2363.000000 0.114320
597.368421 0.330694 2360.000000 0.122364
597.368421 0.496041 2245.000000 0.134447
597.368421 0.661388 2295.000000 0.146914
597.368421 0.826735 2321.000000 0.164943
597.368421 0.992082 2295.000000 0.180171
597.368421 1.157429 2337.000000 0.193914
597.368421 1.322776 2340.000000 0.203075
597.368421 1.488123 2346.000000 0.208283
597.368421 1.653470 2266.000000 0.209089
597.368421 1.818817 2361.000000 0.202680
597.368421 1.984164 2373.000000 0.193764
597.368421 2.149511 2286.000000 0.180646
597.368421 2.314858 2349.000000 0.165503
597.368421 2.480205 2418.000000 0.146878
597.368421 2.645552 2254.000000 0.134170
597.368421 2.810899 2290.000000 0.122579
597.368421 2.976246 2230.000000 0.114877
597.368421 3.141593 2288.000000 0.111499
642.105263 0.000000 2330.000000 0.098117
642.105263 0.165347 2301.000000 0.100883
642.105263 0.330694 2297.000000 0.107954
642.105263 0.496041 2346.000000 0.119755
642.105263 0.661388 2307.000000 0.132059
642.105263 0.826735 2376.000000 0.149836
642.105263 0.992082 2255.000000 0.163267
642.105263 1.157429 2311.000000 0.176604
642.105263 1.322776 2274.000000 0.184505
642.105263 1.488123 2308.000000 0.190533
642.105263 1.653470 2292.000000 0.190378
642.105263 1.818817 2289.000000 0.184991
642.105263 1.984164 2301.000000 0.175908
642.105263 2.149511 2249.000000 0.162995
642.105263 2.314858 2351.000000 0.149012
642.105263 2.480205 2292.000000 0.131778
642.105263 2.645552 2210.000000 0.119358
642.105263 2.810899 2262.000000 0.108341
642.105263 2.976246 2310.000000 0.100758
642.105263 3.141593 2199.000000 0.097587
686.842105 0.000000 2220.000000 0.086151
686.842105 0.165347 2321.000000 0.088669
686.842105 0.330694 2313.000000 0.095179
686.842105 0.496041 2332.000000 0.106985
686.842105 0.661388 2319.000000 0.118249
686.842105 0.826735 2285.000000 0.134401
686.842105 0.992082 2382.000000 0.148111
686.842105 1.157429 2240.000000 0.159761
686.842105 1.322776 2322.000000 0.168094
686.842105 1.488123 2290.000000 0.173575
686.842105 1.653470 2323.000000 0.173253
686.842105 1.818817 2361.000000 0.167855
686.842105 1.984164 2317.000000 0.160098
686.842105 2.149511 2395.000000 0.147755
686.842105 2.314858 2343.000000 0.134669
686.842105 2.480205 2337.000000 0.117699
686.842105 2.645552 2264.000000 0.106339
686.842105 2.810899 2129.000000 0.095423
686.842105 2.976246 2224.000000 0.088690
686.842105 3.141593 2257.000000 0.085994
731.578947 0.000000 2301.000000 0.075474
731.578947 0.165347 2187.000000 0.078232
731.578947 0.330694 2336.000000 0.084142
731.578947 0.496041 2254.000000 0.094569
731.578947 0.661388 2370.000000 0.105798
731.578947 0.826735 2403.000000 0.120960
731.578947 0.992082 2366.000000 0.133413
731.578947 1.157429 2296.000000 0.144837
731.578947 1.322776 2366.000000 0.151994
731.578947 1.488123 2453.000000 0.158384
731.578947 1.653470 2396.000000 0.156586
731.578947 1.818817 2355.000000 0.152766
731.578947 1.984164 2396.000000 0.145601
731.578947 2.149511 2312.000000 0.133261
731.578947 2.314858 2324.000000 0.120984
731.578947 2.480205 2295.000000 0.105080
731.578947 2.645552 2240.000000 0.095126
731.578947 2.810899 2342.000000 0.084302
731.578947 2.976246 2260.000000 0.077988
731.578947 3.141593 2338.000000 0.075608
776.315789 0.000000 2202.000000 0.066251
776.315789 0.165347 2183.000000 0.068959
776.315789 0.330694 2343.000000 0.074091
776.315789 0.496041 2210.000000 0.083825
776.315789 0.661388 2290.000000 0.094024
776.315789 0.826735 2365.000000 0.108437
776.315789 0.992082 2338.000000 0.120542
776.315789 1.157429 2259.000000 0.130982
776.315789 1.322776 2313.000000 0.137790
776.315789 1.488123 2352.000000 0.143167
776.315789 1.653470 2335.000000 0.143060
776.315789 1.818817 2318.000000 0.137595
776.315789 1.984164 2317.000000 0.130940
776.315789 2.149511 2313.000000 0.120791
776.315789 2.314858 2288.000000 0.108571
776.315789 2.480205 2361.000000 0.094288
776.315789 2.645552 2233.000000 0.084171
776.315789 2.810899 2246.000000 0.074414
776.315789 2.976246 2197.000000 0.068463
776.315789 3.141593 2261.000000 0.065868
821.052632 0.000000 2256.000000 0.057615
821.052632 0.165347 2279.000000 0.059914
821.052632 0.330694 2282.000000 0.065409
821.052632 0.496041 2299.000000 0.074425
821.052632 0.661388 2350.000000 0.084230
821.052632 0.826735 2368.000000 0.097665
821.052632 0.992082 2299.000000 0.108621
821.052632 1.157429 2387.000000 0.118240
821.052632 1.322776 2268.000000 0.125002
821.052632 1.488123 2310.000000 0.129525
821.052632 1.653470 2331.000000 0.129737
821.052632 1.818817 2324.000000 0.125537
821.052632 1.984164 2339.000000 0.118355
821.052632 2.149511 2438.000000 0.108630
821.052632 2.314858 2239.000000 0.096884
821.052632 2.480205 2298.000000 0.083969
821.052632 2.645552 2276.000000 0.074450
821.052632 2.810899 2199.000000 0.065159
821.052632 2.976246 2234.000000 0.059796
821.052632 3.141593 2232.000000 0.057891
865.789474 0.000000 2221.000000 0.050565
865.789474 0.165347 2294.000000 0.052431
865.789474 0.330694 2190.000000 0.057405
865.789474 0.496041 2297.000000 0.065827
865.789474 0.661388 2240.000000 0.075204
865.789474 0.826735 2333.000000 0.087410
865.789474 0.992082 2246.000000 0.097527
865.789474 1.157429 2273.000000 0.106978
865.789474 1.322776 2428.000000 0.112423
865.789474 1.488123 2282.000000 0.117002
865.789474 1.653470 2363.000000 0.117355
865.789474 1.818817 2323.000000 0.113692
865.789474 1.984164 2324.000000 0.107093
865.789474 2.149511 2337.000000 0.097518
865.789474 2.314858 2274.000000 0.086843
865.789474 2.480205 2383.000000 0.075155
865.789474 2.645552 2254.000000 0.065892
865.789474 2.810899 2270.000000 0.057233
865.789474 2.976246 2324.000000 0.052462
865.789474 3.141593 2236.000000 0.050453
910.526316 0.000000 2148.000000 0.043990
910.526316 0.165347 2233.000000 0.045797
910.526316 0.330694 2349.000000 0.050444
910.526316 0.496041 2306.000000 0.058235
910.526316 0.661388 2207.000000 0.066601
910.526316 0.826735 2252.000000 0.078110
910.526316 0.992082 2296.000000 0.087488
910.526316 1.157429 2323.000000 0.095620
910.526316 1.322776 2258.000000 0.101597
910.526316 1.488123 2315.000000 0.105511
910.526316 1.653470 2332.000000 0.105297
910.526316 1.818817 2401.000000 0.101765
910.526316 1.984164 2316.000000 0.096379
910.526316 2.149511 2375.000000 0.087635
910.526316 2.314858 2262.000000 0.078050
910.526316 2.480205 2354.000000 0.066444
910.526316 2.645552 2239.000000 0.058340
910.526316 2.810899 2278.000000 0.050450
910.526316 2.976246 2263.000000 0.045796
910.526316 3.141593 2319.000000 0.044130
955.263158 0.000000 2278.000000 0.038529
955.263158 0.165347 2158.000000 0.040179
955.263158 0.330694 2259.000000 0.044424
955.263158 0.496041 2311.000000 0.051794
955.263158 0.661388 2288.000000 0.059064
955.263158 0.826735 2311.000000 0.070031
955.263158 0.992082 2286.000000 0.078657
955.263158 1.157429 2304.000000 0.086685
955.263158 1.322776 2238.000000 0.091614
955.263158 1.488123 2355.000000 0.095062
955.263158 1.653470 2304.000000 0.095065
955.263158 1.818817 2344.000000 0.091257
955.263158 1.984164 2266.000000 0.086015
955.263158 2.149511 2384.000000 0.078507
955.263158 2.314858 2289.000000 0.069294
955.263158 2.480205 2274.000000 0.058953
955.263158 2.645552 2229.000000 0.051455
955.263158 2.810899 2261.000000 0.044324
955.263158 2.976246 2247.000000 0.040077
955.263158 3.141593 2173.000000 0.038441
1000.000000 0.000000 2193.000000 0.033369
1000.000000 0.165347 2226.000000 0.034839
1000.000000 0.330694 2310.000000 0.038910
1000.000000 0.496041 2190.000000 0.045383
1000.000000 0.661388 2276.000000 0.052432
1000.000000 0.826735 2209.000000 0.062111
1000.000000 0.992082 2263.000000 0.070177
1000.000000 1.157429 2330.000000 0.077769
1000.000000 1.322776 2340.000000 0.082383
1000.000000 1.488123 2415.000000 0.085634
1000.000000 1.653470 2265.000000 0.085122
1000.000000 1.818817 2268.000000 0.082115
1000.000000 1.984164 2282.000000 0.077470
1000.000000 2.149511 2360.000000 0.069717
1000.000000 2.314858 2270.000000 0.062308
1000.000000 2.480205 2362.000000 0.052459
1000.000000 2.645552 2261.000000 0.045246
1000.000000 2.810899 2215.000000 0.038885
1000.000000 2.976246 2214.000000 0.035043
1000.000000 3.141593 2176.000000 0.033533
