1. 0. 46076. 1.011768
1. 1.047198 45519. 1.016112
1. 2.094395 45669. 1.017176
1. 3.141593 46301. 1.011768
50.666667 0. 45859.03069069221 1.0103665482605189
50.666667 1.047198 46158.85161290506 0.998335000216484
50.666667 2.094395 46259.70988998253 0.9987884000589259
50.666667 3.141593 45946.09762129178 1.0103665482605189
100.333333 0. 46387.95314093565 0.9992846575492521
100.333333 1.047198 46245.921362074485 0.9518809611505794
100.333333 2.094395 46812.8501782257 0.9522813549345132
100.333333 3.141593 46118.624481445164 0.9992846575492521
150. 0. 46678.73007412087 0.9746973990069934
150. 1.047198 47221.9987109096 0.8885390931052797
150. 2.094395 47832.84030170906 0.888634760071491
150. 3.141593 46681.349508992804 0.9746973990069934