150.000000 0.000000 2179.000000 0.412068
150.000000 0.165347 2190.000000 0.412714
150.000000 0.330694 2250.000000 0.407089
150.000000 0.496041 2255.000000 0.401390
150.000000 0.661388 2183.000000 0.388622
150.000000 0.826735 2226.000000 0.385996
150.000000 0.992082 2293.000000 0.376451
150.000000 1.157429 2188.000000 0.370333
150.000000 1.322776 2294.000000 0.361338
150.000000 1.488123 2272.000000 0.359428
150.000000 1.653470 2199.000000 0.359611
150.000000 1.818817 2385.000000 0.360857
150.000000 1.984164 2221.000000 0.369104
150.000000 2.149511 2282.000000 0.377086
150.000000 2.314858 2175.000000 0.385677
150.000000 2.480205 2173.000000 0.391040
150.000000 2.645552 2307.000000 0.401043
150.000000 2.810899 2235.000000 0.408967
150.000000 2.976246 2236.000000 0.413668
150.000000 3.141593 2254.000000 0.410823
194.736842 0.000000 2103.000000 0.395404
194.736842 0.165347 2243.000000 0.396675
194.736842 0.330694 2146.000000 0.389840
194.736842 0.496041 2208.000000 0.382597
194.736842 0.661388 2215.000000 0.368317
194.736842 0.826735 2248.000000 0.361039
194.736842 0.992082 2334.000000 0.348993
194.736842 1.157429 2371.000000 0.338973
194.736842 1.322776 2278.000000 0.329536
194.736842 1.488123 2287.000000 0.327384
194.736842 1.653470 2285.000000 0.326165
194.736842 1.818817 2285.000000 0.331529
194.736842 1.984164 2275.000000 0.337921
194.736842 2.149511 2198.000000 0.348226
194.736842 2.314858 2226.000000 0.361584
194.736842 2.480205 2256.000000 0.368280
194.736842 2.645552 2169.000000 0.381218
194.736842 2.810899 2244.000000 0.390521
194.736842 2.976246 2228.000000 0.395503
194.736842 3.141593 2161.000000 0.395536
239.473684 0.000000 2257.000000 0.378081
239.473684 0.165347 2232.000000 0.376272
239.473684 0.330694 2214.000000 0.371245
239.473684 0.496041 2211.000000 0.360012
239.473684 0.661388 2302.000000 0.343989
239.473684 0.826735 2277.000000 0.335826
239.473684 0.992082 2293.000000 0.321046
239.473684 1.157429 2221.000000 0.307412
239.473684 1.322776 2265.000000 0.299327
239.473684 1.488123 2321.000000 0.294503
239.473684 1.653470 2270.000000 0.294160
239.473684 1.818817 2299.000000 0.299095
239.473684 1.984164 2342.000000 0.308379
239.473684 2.149511 2260.000000 0.321110
239.473684 2.480205 2220.000000 0.345420
239.473684 2.645552 2273.000000 0.358498
239.473684 2.810899 2281.000000 0.370832
239.473684 2.976246 2304.000000 0.378034
239.473684 3.141593 2224.000000 0.379288
284.210526 0.000000 2202.000000 0.356763
284.210526 0.165347 2225.000000 0.356905
284.210526 0.330694 2279.000000 0.350201
284.210526 0.496041 2260.000000 0.336742
284.210526 0.661388 2238.000000 0.320049
284.210526 0.826735 2263.000000 0.306841
284.210526 0.992082 2350.000000 0.292659
284.210526 1.157429 2286.000000 0.277602
284.210526 1.322776 2346.000000 0.269109
284.210526 1.488123 2179.000000 0.264444
284.210526 1.653470 2338.000000 0.263700
284.210526 1.818817 2344.000000 0.269010
284.210526 1.984164 2308.000000 0.278755
284.210526 2.480205 2248.000000 0.320452
284.210526 2.645552 2233.000000 0.338231
284.210526 2.810899 2270.000000 0.348545
284.210526 2.976246 2215.000000 0.356033
284.210526 3.141593 2236.000000 0.356492
328.947368 0.000000 2266.000000 0.335965
328.947368 0.165347 2232.000000 0.335952
328.947368 0.330694 2260.000000 0.324151
328.947368 0.496041 2306.000000 0.312465
328.947368 0.661388 2307.000000 0.296969
328.947368 0.826735 2324.000000 0.282270
328.947368 0.992082 2291.000000 0.266118
328.947368 1.157429 2258.000000 0.251782
328.947368 1.322776 2280.000000 0.242254
328.947368 1.488123 2352.000000 0.235366
328.947368 1.653470 2291.000000 0.236237
328.947368 1.818817 2439.000000 0.242439
328.947368 1.984164 2341.000000 0.251326
328.947368 2.149511 2215.000000 0.266458
328.947368 2.314858 2232.000000 0.283844
328.947368 2.480205 2174.000000 0.296470
328.947368 2.645552 2324.000000 0.314019
328.947368 2.810899 2309.000000 0.326190
328.947368 2.976246 2307.000000 0.334315
328.947368 3.141593 2338.000000 0.334887
373.684211 0.000000 2317.000000 0.312093
373.684211 0.165347 2321.000000 0.312781
373.684211 0.330694 2268.000000 0.304235
373.684211 0.496041 2258.000000 0.288840
373.684211 0.661388 2204.000000 0.272006
373.684211 0.826735 2378.000000 0.258805
373.684211 0.992082 2306.000000 0.241340
373.684211 1.157429 2358.000000 0.225937
373.684211 1.322776 2307.000000 0.214681
373.684211 1.488123 2338.000000 0.209663
373.684211 1.653470 2280.000000 0.209561
373.684211 1.818817 2310.000000 0.214630
373.684211 1.984164 2390.000000 0.225870
373.684211 2.149511 2214.000000 0.240694
373.684211 2.314858 2221.000000 0.258534
373.684211 2.480205 2274.000000 0.272483
373.684211 2.645552 2286.000000 0.289675
373.684211 2.810899 2319.000000 0.304181
373.684211 2.976246 2295.000000 0.310615
373.684211 3.141593 2264.000000 0.312675
418.421053 0.000000 2236.000000 0.290020
418.421053 0.165347 2368.000000 0.289575
418.421053 0.330694 2281.000000 0.281428
418.421053 0.496041 2347.000000 0.267080
418.421053 0.661388 2336.000000 0.249534
418.421053 0.826735 2341.000000 0.235806
418.421053 0.992082 2275.000000 0.217609
418.421053 1.157429 2365.000000 0.202544
418.421053 1.322776 2351.000000 0.191390
418.421053 1.488123 2285.000000 0.186078
418.421053 1.653470 2272.000000 0.186577
418.421053 1.818817 2393.000000 0.191203
418.421053 1.984164 2253.000000 0.202493
418.421053 2.149511 2253.000000 0.217437
418.421053 2.314858 2341.000000 0.234021
418.421053 2.480205 2258.000000 0.249325
418.421053 2.645552 2310.000000 0.267061
418.421053 2.810899 2298.000000 0.280842
418.421053 2.976246 2313.000000 0.290322
418.421053 3.141593 2247.000000 0.290798
463.157895 0.000000 2314.000000 0.267442
463.157895 0.165347 2286.000000 0.268632
463.157895 0.330694 2287.000000 0.259220
463.157895 0.496041 2326.000000 0.246285
463.157895 0.661388 2357.000000 0.228055
463.157895 0.826735 2311.000000 0.212993
463.157895 0.992082 2388.000000 0.196301
463.157895 1.157429 2172.000000 0.180641
463.157895 1.322776 2401.000000 0.169887
463.157895 1.488123 2241.000000 0.164815
463.157895 1.653470 2297.000000 0.164387
463.157895 1.818817 2295.000000 0.169978
463.157895 1.984164 2219.000000 0.181328
463.157895 2.149511 2316.000000 0.195594
463.157895 2.314858 2321.000000 0.214318
463.157895 2.480205 2311.000000 0.228129
463.157895 2.645552 2282.000000 0.244321
463.157895 2.810899 2370.000000 0.257901
463.157895 2.976246 2340.000000 0.266860
463.157895 3.141593 2362.000000 0.267806
507.894737 0.000000 2372.000000 0.247273
507.894737 0.165347 2340.000000 0.246235
507.894737 0.330694 2296.000000 0.238783
507.894737 0.496041 2312.000000 0.224756
507.894737 0.661388 2312.000000 0.207653
507.894737 0.826735 2347.000000 0.192403
507.894737 0.992082 2327.000000 0.176553
507.894737 1.157429 2287.000000 0.161837
507.894737 1.322776 2382.000000 0.150634
507.894737 1.488123 2293.000000 0.145635
507.894737 1.653470 2371.000000 0.145212
507.894737 1.818817 2333.000000 0.150961
507.894737 1.984164 2347.000000 0.161168
507.894737 2.149511 2280.000000 0.175875
507.894737 2.314858 2332.000000 0.193279
507.894737 2.480205 2298.000000 0.207999
507.894737 2.645552 2298.000000 0.224817
507.894737 2.810899 2378.000000 0.238479
507.894737 2.976246 2374.000000 0.245978
507.894737 3.141593 2318.000000 0.247497
552.631579 0.000000 2411.000000 0.227225
552.631579 0.165347 2238.000000 0.225391
552.631579 0.330694 2317.000000 0.218156
552.631579 0.496041 2342.000000 0.204763
552.631579 0.661388 2322.000000 0.188946
552.631579 0.826735 2299.000000 0.174855
552.631579 0.992082 2228.000000 0.157560
552.631579 1.157429 2271.000000 0.143358
552.631579 1.322776 2338.000000 0.133563
552.631579 1.488123 2260.000000 0.128433
552.631579 1.653470 2299.000000 0.128368
552.631579 1.818817 2281.000000 0.133441
552.631579 1.984164 2320.000000 0.143588
552.631579 2.149511 2315.000000 0.157849
552.631579 2.314858 2392.000000 0.174601
552.631579 2.480205 2318.000000 0.189252
552.631579 2.645552 2354.000000 0.204663
552.631579 2.810899 2354.000000 0.217727
552.631579 2.976246 2311.000000 0.225448
552.631579 3.141593 2321.000000 0.227470
597.368421 0.000000 2348.000000 0.208255
597.368421 0.165347 2301.000000 0.205825
597.368421 0.330694 2379.000000 0.199342
597.368421 0.496041 2457.000000 0.187545
597.368421 0.661388 2350.000000 0.171201
597.368421 0.826735 2321.000000 0.156949
597.368421 0.992082 2300.000000 0.141593
597.368421 1.157429 2286.000000 0.127683
597.368421 1.322776 2253.000000 0.117731
597.368421 1.488123 2300.000000 0.112485
597.368421 1.653470 2284.000000 0.113107
597.368421 1.818817 2296.000000 0.117823
597.368421 1.984164 2303.000000 0.127746
597.368421 2.149511 2262.000000 0.141615
597.368421 2.314858 2281.000000 0.157279
597.368421 2.480205 2341.000000 0.171747
597.368421 2.645552 2336.000000 0.187389
597.368421 2.810899 2396.000000 0.198482
597.368421 2.976246 2403.000000 0.206825
597.368421 3.141593 2336.000000 0.208209
642.105263 0.000000 2381.000000 0.190143
642.105263 0.165347 2344.000000 0.188949
642.105263 0.330694 2252.000000 0.181465
642.105263 0.496041 2382.000000 0.169067
642.105263 0.661388 2377.000000 0.154736
642.105263 0.826735 2311.000000 0.141604
642.105263 0.992082 2337.000000 0.126425
642.105263 1.157429 2343.000000 0.113714
642.105263 1.322776 2214.000000 0.103821
642.105263 1.488123 2236.000000 0.099140
642.105263 1.653470 2309.000000 0.099081
642.105263 1.818817 2288.000000 0.103967
642.105263 1.984164 2313.000000 0.113226
642.105263 2.149511 2325.000000 0.126159
642.105263 2.314858 2372.000000 0.141421
642.105263 2.480205 2312.000000 0.156023
642.105263 2.645552 2311.000000 0.169810
642.105263 2.810899 2309.000000 0.181627
642.105263 2.976246 2413.000000 0.188535
642.105263 3.141593 2326.000000 0.191292
686.842105 0.000000 2458.000000 0.173252
686.842105 0.165347 2255.000000 0.172357
686.842105 0.330694 2275.000000 0.164945
686.842105 0.496041 2356.000000 0.154502
686.842105 0.661388 2303.000000 0.140364
686.842105 0.826735 2292.000000 0.127915
686.842105 0.992082 2351.000000 0.113361
686.842105 1.157429 2280.000000 0.100960
686.842105 1.322776 2204.000000 0.091591
686.842105 1.488123 2264.000000 0.087081
686.842105 1.653470 2153.000000 0.087105
686.842105 1.818817 2254.000000 0.091958
686.842105 1.984164 2363.000000 0.100570
686.842105 2.149511 2383.000000 0.112713
686.842105 2.314858 2398.000000 0.126837
686.842105 2.480205 2301.000000 0.140129
686.842105 2.645552 2243.000000 0.153557
686.842105 2.810899 2353.000000 0.165085
686.842105 2.976246 2275.000000 0.172063
686.842105 3.141593 2325.000000 0.173689
731.578947 0.000000 2308.000000 0.157125
731.578947 0.165347 2300.000000 0.156459
731.578947 0.330694 2256.000000 0.150237
731.578947 0.496041 2398.000000 0.139656
731.578947 0.661388 2273.000000 0.125997
731.578947 0.826735 2300.000000 0.113823
731.578947 0.992082 2332.000000 0.100642
731.578947 1.157429 2332.000000 0.089033
731.578947 1.322776 2243.000000 0.080391
731.578947 1.488123 2345.000000 0.076207
731.578947 1.653470 2282.000000 0.076208
731.578947 1.818817 2240.000000 0.080957
731.578947 1.984164 2376.000000 0.088747
731.578947 2.149511 2271.000000 0.100820
731.578947 2.314858 2381.000000 0.114256
731.578947 2.480205 2355.000000 0.125687
731.578947 2.645552 2285.000000 0.139567
731.578947 2.810899 2371.000000 0.149253
731.578947 2.976246 2323.000000 0.156393
731.578947 3.141593 2272.000000 0.157629
776.315789 0.000000 2321.000000 0.142144
776.315789 0.165347 2313.000000 0.141827
776.315789 0.330694 2314.000000 0.135428
776.315789 0.496041 2351.000000 0.125801
776.315789 0.661388 2364.000000 0.113774
776.315789 0.826735 2279.000000 0.102249
776.315789 0.992082 2266.000000 0.089657
776.315789 1.157429 2306.000000 0.078497
776.315789 1.322776 2300.000000 0.071197
776.315789 1.488123 2254.000000 0.067080
776.315789 1.653470 2208.000000 0.066905
776.315789 1.818817 2222.000000 0.070801
776.315789 1.984164 2335.000000 0.078728
776.315789 2.149511 2245.000000 0.089828
776.315789 2.314858 2318.000000 0.102206
776.315789 2.480205 2293.000000 0.113886
776.315789 2.645552 2359.000000 0.125618
776.315789 2.810899 2269.000000 0.136343
776.315789 2.976246 2204.000000 0.142000
776.315789 3.141593 2338.000000 0.142464
821.052632 0.000000 2318.000000 0.129257
821.052632 0.165347 2332.000000 0.128483
821.052632 0.330694 2322.000000 0.122759
821.052632 0.496041 2222.000000 0.113134
821.052632 0.661388 2359.000000 0.102262
821.052632 0.826735 2216.000000 0.091477
821.052632 0.992082 2260.000000 0.079680
821.052632 1.157429 2305.000000 0.069627
821.052632 1.322776 2162.000000 0.062675
821.052632 1.488123 2216.000000 0.058464
821.052632 1.653470 2295.000000 0.058572
821.052632 1.818817 2280.000000 0.062359
821.052632 1.984164 2255.000000 0.069334
821.052632 2.149511 2178.000000 0.079998
821.052632 2.314858 2322.000000 0.091738
821.052632 2.480205 2355.000000 0.102257
821.052632 2.645552 2414.000000 0.113477
821.052632 2.810899 2448.000000 0.122466
821.052632 2.976246 2368.000000 0.128169
821.052632 3.141593 2393.000000 0.129263
865.789474 0.000000 2290.000000 0.116304
865.789474 0.165347 2381.000000 0.116417
865.789474 0.330694 2357.000000 0.110473
865.789474 0.496041 2343.000000 0.102689
865.789474 0.661388 2241.000000 0.091554
865.789474 0.826735 2278.000000 0.081841
865.789474 0.992082 2312.000000 0.070816
865.789474 1.157429 2268.000000 0.061336
865.789474 1.322776 2252.000000 0.054754
865.789474 1.488123 2210.000000 0.051230
865.789474 1.653470 2226.000000 0.050962
865.789474 1.818817 2221.000000 0.054715
865.789474 1.984164 2243.000000 0.061391
865.789474 2.149511 2249.000000 0.071048
865.789474 2.314858 2409.000000 0.081263
865.789474 2.480205 2314.000000 0.091571
865.789474 2.645552 2363.000000 0.102491
865.789474 2.810899 2368.000000 0.110274
865.789474 2.976246 2304.000000 0.116077
865.789474 3.141593 2327.000000 0.116675
910.526316 0.000000 2378.000000 0.105407
910.526316 0.165347 2417.000000 0.104265
910.526316 0.330694 2257.000000 0.099383
910.526316 0.496041 2321.000000 0.091871
910.526316 0.661388 2295.000000 0.081941
910.526316 0.826735 2298.000000 0.072832
910.526316 0.992082 2203.000000 0.062637
910.526316 1.157429 2206.000000 0.053983
910.526316 1.322776 2228.000000 0.048061
910.526316 1.488123 2254.000000 0.044620
910.526316 1.653470 2258.000000 0.044670
910.526316 1.818817 2208.000000 0.047810
910.526316 1.984164 2187.000000 0.054196
910.526316 2.149511 2256.000000 0.063105
910.526316 2.314858 2339.000000 0.072771
910.526316 2.480205 2358.000000 0.082176
910.526316 2.645552 2324.000000 0.091511
910.526316 2.810899 2214.000000 0.099379
910.526316 2.976246 2361.000000 0.104197
910.526316 3.141593 2297.000000 0.105332
955.263158 0.000000 2377.000000 0.095153
955.263158 0.165347 2243.000000 0.093789
955.263158 0.330694 2340.000000 0.090024
955.263158 0.496041 2318.000000 0.082432
955.263158 0.661388 2275.000000 0.073428
955.263158 0.826735 2329.000000 0.064829
955.263158 0.992082 2358.000000 0.055876
955.263158 1.157429 2226.000000 0.047680
955.263158 1.322776 2224.000000 0.042049
955.263158 1.488123 2313.000000 0.038786
955.263158 1.653470 2225.000000 0.038946
955.263158 1.818817 2308.000000 0.041844
955.263158 1.984164 2184.000000 0.047519
955.263158 2.149511 2226.000000 0.055799
955.263158 2.314858 2245.000000 0.064897
955.263158 2.480205 2267.000000 0.073752
955.263158 2.645552 2267.000000 0.082235
955.263158 2.810899 2347.000000 0.089873
955.263158 2.976246 2301.000000 0.093674
955.263158 3.141593 2300.000000 0.094904
1000.000000 0.000000 2274.000000 0.085327
1000.000000 0.165347 2379.000000 0.083801
1000.000000 0.330694 2335.000000 0.080129
1000.000000 0.496041 2264.000000 0.073540
1000.000000 0.661388 2273.000000 0.065594
1000.000000 0.826735 2215.000000 0.057800
1000.000000 0.992082 2254.000000 0.049349
1000.000000 1.157429 2239.000000 0.041826
1000.000000 1.322776 2227.000000 0.036729
1000.000000 1.488123 2232.000000 0.033833
1000.000000 1.653470 2203.000000 0.033877
1000.000000 1.818817 2239.000000 0.036787
1000.000000 1.984164 2231.000000 0.041935
1000.000000 2.149511 2307.000000 0.049454
1000.000000 2.314858 2306.000000 0.057808
1000.000000 2.480205 2321.000000 0.065508
1000.000000 2.645552 2309.000000 0.073788
1000.000000 2.810899 2183.000000 0.080810
1000.000000 2.976246 2258.000000 0.084902
1000.000000 3.141593 2333.000000 0.085251
