1. 0. 45543. 1.011232
1. 1.047198 45779. 1.01616
1. 2.094395 45705. 1.017104
1. 3.141593 45725. 1.011232
50.666667 0. 46245.202212875134 0.9877088830942972
50.666667 1.047198 46340.25579018015 1.0097862622125862
50.666667 2.094395 46279.64315000973 1.0099459233736414
50.666667 3.141593 46043.51024491275 0.9877088830942972
100.333333 0. 47026.64397222081 0.9291917066350597
100.333333 1.047198 46705.95105584156 0.9869641916098619
100.333333 2.094395 46569.181151730925 0.9876727798582644
100.333333 3.141593 47202.201760365 0.9291917066350597
150. 0. 47894.45380345039 0.8534872611120983
150. 1.047198 46895.34981024365 0.9495145737975619
150. 2.094395 47078.197759239636 0.9499290409610974
150. 3.141593 47976.92526249161 0.8534872611120983