1.000000 0.000000 26846.000000 0.427100
1.000000 1.047198 26746.000000 0.429778
1.000000 2.094395 26600.000000 0.428756
1.000000 3.141593 26934.000000 0.426306
50.666667 0.000000 27028.000000 0.418395
50.666667 1.047198 26886.000000 0.427094
50.666667 2.094395 26831.000000 0.426865
50.666667 3.141593 27147.000000 0.418432
100.333333 0.000000 27290.000000 0.391225
100.333333 1.047198 27034.000000 0.417990
100.333333 2.094395 27171.000000 0.415928
100.333333 3.141593 27593.000000 0.391667
150.000000 0.000000 28422.000000 0.358471
150.000000 1.047198 27929.000000 0.399892
150.000000 2.094395 27790.000000 0.401120
150.000000 3.141593 28295.000000 0.357003
