1.000000 0.000000 1.011232 
50.666667 0.000000 0.987709 
100.333333 0.000000 0.929192 
150.000000 0.000000 0.853487 
210.714286 0.000000 0.752369 
271.428571 0.000000 0.653247 
332.142857 0.000000 0.562301 
392.857143 0.000000 0.479700 
453.571429 0.000000 0.407783 
514.285714 0.000000 0.344794 
575.000000 0.000000 0.290553 
635.714286 0.000000 0.244158 
696.428571 0.000000 0.204590 
757.142857 0.000000 0.171079 
817.857143 0.000000 0.142728 
878.571429 0.000000 0.118840 
939.285714 0.000000 0.098715 
1000.000000 0.000000 0.081854 
1.000000 0.224399 1.012288 
50.666667 0.224399 0.992440 
100.333333 0.224399 0.941572 
150.000000 0.224399 0.851144 
210.714286 0.224399 0.753448 
271.428571 0.224399 0.657628 
332.142857 0.224399 0.568570 
392.857143 0.224399 0.487474 
453.571429 0.224399 0.416312 
514.285714 0.224399 0.353598 
575.000000 0.224399 0.299438 
635.714286 0.224399 0.252702 
696.428571 0.224399 0.212843 
757.142857 0.224399 0.178931 
817.857143 0.224399 0.150030 
878.571429 0.224399 0.125430 
939.285714 0.224399 0.104706 
1000.000000 0.224399 0.087281 
1.000000 0.448799 1.013344 
50.666667 0.448799 0.997171 
100.333333 0.448799 0.953951 
150.000000 0.448799 0.879725 
210.714286 0.448799 0.788074 
271.428571 0.448799 0.696327 
332.142857 0.448799 0.609299 
392.857143 0.448799 0.529264 
453.571429 0.448799 0.456968 
514.285714 0.448799 0.392966 
575.000000 0.448799 0.336686 
635.714286 0.448799 0.287646 
696.428571 0.448799 0.244972 
757.142857 0.448799 0.208076 
817.857143 0.448799 0.176529 
878.571429 0.448799 0.149304 
939.285714 0.448799 0.126012 
1000.000000 0.448799 0.106186 
1.000000 0.673198 1.014400 
50.666667 0.673198 1.001901 
100.333333 0.673198 0.966331 
150.000000 0.673198 0.901737 
210.714286 0.673198 0.821344 
271.428571 0.673198 0.737496 
332.142857 0.673198 0.654912 
392.857143 0.673198 0.577518 
453.571429 0.673198 0.506250 
514.285714 0.673198 0.441510 
575.000000 0.673198 0.383322 
635.714286 0.673198 0.331744 
696.428571 0.673198 0.286023 
757.142857 0.673198 0.246033 
817.857143 0.673198 0.211120 
878.571429 0.673198 0.180627 
939.285714 0.673198 0.154138 
1000.000000 0.673198 0.131289 
1.000000 0.897598 1.015456 
50.666667 0.897598 1.006632 
100.333333 0.897598 0.978711 
150.000000 0.897598 0.930001 
210.714286 0.897598 0.861932 
271.428571 0.897598 0.787628 
332.142857 0.897598 0.710236 
392.857143 0.897598 0.635374 
453.571429 0.897598 0.564857 
514.285714 0.897598 0.499237 
575.000000 0.897598 0.438764 
635.714286 0.897598 0.384099 
696.428571 0.897598 0.334855 
757.142857 0.897598 0.291050 
817.857143 0.897598 0.252044 
878.571429 0.897598 0.217587 
939.285714 0.897598 0.187419 
1000.000000 0.897598 0.160917 
1.000000 1.121997 1.016227 
50.666667 1.121997 1.009797 
100.333333 1.121997 0.987015 
150.000000 1.121997 0.954853 
210.714286 1.121997 0.897797 
271.428571 1.121997 0.830794 
332.142857 1.121997 0.758450 
392.857143 1.121997 0.686005 
453.571429 1.121997 0.616133 
514.285714 1.121997 0.548967 
575.000000 1.121997 0.486366 
635.714286 1.121997 0.428905 
696.428571 1.121997 0.376639 
757.142857 1.121997 0.329458 
817.857143 1.121997 0.287230 
878.571429 1.121997 0.249503 
939.285714 1.121997 0.215980 
1000.000000 1.121997 0.186351 
1.000000 1.346397 1.016430 
50.666667 1.346397 1.009832 
100.333333 1.346397 0.987167 
150.000000 1.346397 0.959108 
210.714286 1.346397 0.909636 
271.428571 1.346397 0.848700 
332.142857 1.346397 0.781306 
392.857143 1.346397 0.711375 
453.571429 1.346397 0.642179 
514.285714 1.346397 0.575752 
575.000000 1.346397 0.512819 
635.714286 1.346397 0.454084 
696.428571 1.346397 0.400496 
757.142857 1.346397 0.351700 
817.857143 1.346397 0.307388 
878.571429 1.346397 0.267944 
939.285714 1.346397 0.232704 
1000.000000 1.346397 0.201382 
1.000000 1.570796 1.016632 
50.666667 1.570796 1.009866 
100.333333 1.570796 0.987318 
150.000000 1.570796 0.973675 
210.714286 1.570796 0.926621 
271.428571 1.570796 0.867406 
332.142857 1.570796 0.799979 
392.857143 1.570796 0.730137 
453.571429 1.570796 0.660453 
514.285714 1.570796 0.592704 
575.000000 1.570796 0.528647 
635.714286 1.570796 0.469191 
696.428571 1.570796 0.414428 
757.142857 1.570796 0.364097 
817.857143 1.570796 0.318701 
878.571429 1.570796 0.278144 
939.285714 1.570796 0.241840 
1000.000000 1.570796 0.209465 
1.000000 1.795196 1.016834 
50.666667 1.795196 1.009900 
100.333333 1.795196 0.987470 
150.000000 1.795196 0.959073 
210.714286 1.795196 0.909814 
271.428571 1.795196 0.848904 
332.142857 1.795196 0.781243 
392.857143 1.795196 0.711235 
453.571429 1.795196 0.642156 
514.285714 1.795196 0.575628 
575.000000 1.795196 0.512576 
635.714286 1.795196 0.454066 
696.428571 1.795196 0.400413 
757.142857 1.795196 0.351518 
817.857143 1.795196 0.307456 
878.571429 1.795196 0.267900 
939.285714 1.795196 0.232634 
1000.000000 1.795196 0.201364 
1.000000 2.019595 1.017037 
50.666667 2.019595 1.009935 
100.333333 2.019595 0.987622 
150.000000 2.019595 0.955232 
210.714286 2.019595 0.897661 
271.428571 2.019595 0.830935 
332.142857 2.019595 0.758528 
392.857143 2.019595 0.686036 
453.571429 2.019595 0.615580 
514.285714 2.019595 0.548891 
575.000000 2.019595 0.486376 
635.714286 2.019595 0.428780 
696.428571 2.019595 0.376702 
757.142857 2.019595 0.329510 
817.857143 2.019595 0.287138 
878.571429 2.019595 0.249357 
939.285714 2.019595 0.215865 
1000.000000 2.019595 0.186264 
1.000000 2.243995 1.016265 
50.666667 2.243995 1.006769 
100.333333 2.243995 0.979319 
150.000000 2.243995 0.930167 
210.714286 2.243995 0.862053 
271.428571 2.243995 0.787383 
332.142857 2.243995 0.710506 
392.857143 2.243995 0.635238 
453.571429 2.243995 0.564619 
514.285714 2.243995 0.499121 
575.000000 2.243995 0.438698 
635.714286 2.243995 0.383811 
696.428571 2.243995 0.334740 
757.142857 2.243995 0.290965 
817.857143 2.243995 0.252000 
878.571429 2.243995 0.217598 
939.285714 2.243995 0.187324 
1000.000000 2.243995 0.160903 
1.000000 2.468394 1.015007 
50.666667 2.468394 1.002004 
100.333333 2.468394 0.966787 
150.000000 2.468394 0.902165 
210.714286 2.468394 0.821351 
271.428571 2.468394 0.737645 
332.142857 2.468394 0.655012 
392.857143 2.468394 0.577456 
453.571429 2.468394 0.506040 
514.285714 2.468394 0.441408 
575.000000 2.468394 0.383196 
635.714286 2.468394 0.331488 
696.428571 2.468394 0.285999 
757.142857 2.468394 0.246004 
817.857143 2.468394 0.211039 
878.571429 2.468394 0.180600 
939.285714 2.468394 0.154215 
1000.000000 2.468394 0.131240 
1.000000 2.692794 1.013749 
50.666667 2.692794 0.997239 
100.333333 2.692794 0.954255 
150.000000 2.692794 0.879677 
210.714286 2.692794 0.787955 
271.428571 2.692794 0.696139 
332.142857 2.692794 0.609239 
392.857143 2.692794 0.529116 
453.571429 2.692794 0.456916 
514.285714 2.692794 0.392989 
575.000000 2.692794 0.336784 
635.714286 2.692794 0.287516 
696.428571 2.692794 0.244908 
757.142857 2.692794 0.208183 
817.857143 2.692794 0.176489 
878.571429 2.692794 0.149283 
939.285714 2.692794 0.126028 
1000.000000 2.692794 0.106217 
1.000000 2.917193 1.012490 
50.666667 2.917193 0.992474 
100.333333 2.917193 0.941724 
150.000000 2.917193 0.851573 
210.714286 2.917193 0.753522 
271.428571 2.917193 0.657918 
332.142857 2.917193 0.568634 
392.857143 2.917193 0.487609 
453.571429 2.917193 0.416368 
514.285714 2.917193 0.353642 
575.000000 2.917193 0.299374 
635.714286 2.917193 0.252795 
696.428571 2.917193 0.212858 
757.142857 2.917193 0.178828 
817.857143 2.917193 0.149935 
878.571429 2.917193 0.125487 
939.285714 2.917193 0.104721 
1000.000000 2.917193 0.087226 
1.000000 3.141593 1.011232 
50.666667 3.141593 0.987709 
100.333333 3.141593 0.929192 
150.000000 3.141593 0.853487 
210.714286 3.141593 0.752369 
271.428571 3.141593 0.653247 
332.142857 3.141593 0.562301 
392.857143 3.141593 0.479700 
453.571429 3.141593 0.407783 
514.285714 3.141593 0.344794 
575.000000 3.141593 0.290553 
635.714286 3.141593 0.244158 
696.428571 3.141593 0.204590 
757.142857 3.141593 0.171079 
817.857143 3.141593 0.142728 
878.571429 3.141593 0.118840 
939.285714 3.141593 0.098715 
1000.000000 3.141593 0.081854 
