1.000000 0.000000 1.011768 
50.666667 0.000000 1.010367 
100.333333 0.000000 0.999285 
150.000000 0.000000 0.974697 
210.714286 0.000000 0.927439 
271.428571 0.000000 0.868279 
332.142857 0.000000 0.801045 
392.857143 0.000000 0.730963 
453.571429 0.000000 0.661283 
514.285714 0.000000 0.593492 
575.000000 0.000000 0.529154 
635.714286 0.000000 0.469640 
696.428571 0.000000 0.414817 
757.142857 0.000000 0.364491 
817.857143 0.000000 0.319035 
878.571429 0.000000 0.278374 
939.285714 0.000000 0.242029 
1000.000000 0.000000 0.209669 
1.000000 0.224399 1.012699 
50.666667 0.224399 1.007789 
100.333333 0.224399 0.989127 
150.000000 0.224399 0.960163 
210.714286 0.224399 0.910637 
271.428571 0.224399 0.849672 
332.142857 0.224399 0.782167 
392.857143 0.224399 0.712146 
453.571429 0.224399 0.642800 
514.285714 0.224399 0.576421 
575.000000 0.224399 0.513367 
635.714286 0.224399 0.454553 
696.428571 0.224399 0.400933 
757.142857 0.224399 0.352043 
817.857143 0.224399 0.307647 
878.571429 0.224399 0.268170 
939.285714 0.224399 0.232885 
1000.000000 0.224399 0.201558 
1.000000 0.448799 1.013630 
50.666667 0.448799 1.005210 
100.333333 0.448799 0.978969 
150.000000 0.448799 0.955685 
210.714286 0.448799 0.898552 
271.428571 0.448799 0.831405 
332.142857 0.448799 0.759038 
392.857143 0.448799 0.686581 
453.571429 0.448799 0.616722 
514.285714 0.448799 0.549409 
575.000000 0.448799 0.486807 
635.714286 0.448799 0.429307 
696.428571 0.448799 0.376953 
757.142857 0.448799 0.329712 
817.857143 0.448799 0.287444 
878.571429 0.448799 0.249663 
939.285714 0.448799 0.216133 
1000.000000 0.448799 0.186477 
1.000000 0.673198 1.014561 
50.666667 0.673198 1.002632 
100.333333 0.673198 0.968811 
150.000000 0.673198 0.930255 
210.714286 0.673198 0.862209 
271.428571 0.673198 0.787922 
332.142857 0.673198 0.710535 
392.857143 0.673198 0.635758 
453.571429 0.673198 0.565288 
514.285714 0.673198 0.499508 
575.000000 0.673198 0.439010 
635.714286 0.673198 0.384305 
696.428571 0.673198 0.335029 
757.142857 0.673198 0.291230 
817.857143 0.673198 0.252191 
878.571429 0.673198 0.217749 
939.285714 0.673198 0.187502 
1000.000000 0.673198 0.161004 
1.000000 0.897598 1.015491 
50.666667 0.897598 1.000054 
100.333333 0.897598 0.958653 
150.000000 0.897598 0.901550 
210.714286 0.897598 0.821240 
271.428571 0.897598 0.737449 
332.142857 0.897598 0.654881 
392.857143 0.897598 0.577529 
453.571429 0.897598 0.506248 
514.285714 0.897598 0.441507 
575.000000 0.897598 0.383356 
635.714286 0.897598 0.331782 
696.428571 0.897598 0.286055 
757.142857 0.897598 0.246099 
817.857143 0.897598 0.211174 
878.571429 0.897598 0.180656 
939.285714 0.897598 0.154177 
1000.000000 0.897598 0.131327 
1.000000 1.121997 1.016188 
50.666667 1.121997 0.998367 
100.333333 1.121997 0.951910 
150.000000 1.121997 0.879043 
210.714286 1.121997 0.787612 
271.428571 1.121997 0.695987 
332.142857 1.121997 0.608920 
392.857143 1.121997 0.528966 
453.571429 1.121997 0.456782 
514.285714 1.121997 0.392785 
575.000000 1.121997 0.336559 
635.714286 1.121997 0.287554 
696.428571 1.121997 0.244902 
757.142857 1.121997 0.208018 
817.857143 1.121997 0.176486 
878.571429 1.121997 0.149273 
939.285714 1.121997 0.125985 
1000.000000 1.121997 0.106184 
1.000000 1.346397 1.016416 
50.666667 1.346397 0.998464 
100.333333 1.346397 0.951995 
150.000000 1.346397 0.850324 
210.714286 1.346397 0.752624 
271.428571 1.346397 0.656957 
332.142857 1.346397 0.568040 
392.857143 1.346397 0.486964 
453.571429 1.346397 0.415946 
514.285714 1.346397 0.353279 
575.000000 1.346397 0.299172 
635.714286 1.346397 0.252517 
696.428571 1.346397 0.212718 
757.142857 1.346397 0.178825 
817.857143 1.346397 0.149960 
878.571429 1.346397 0.125369 
939.285714 1.346397 0.104656 
1000.000000 1.346397 0.087239 
1.000000 1.570796 1.016644 
50.666667 1.570796 0.998561 
100.333333 1.570796 0.952081 
150.000000 1.570796 0.852370 
210.714286 1.570796 0.751329 
271.428571 1.570796 0.652496 
332.142857 1.570796 0.561708 
392.857143 1.570796 0.479170 
453.571429 1.570796 0.407295 
514.285714 1.570796 0.344378 
575.000000 1.570796 0.290256 
635.714286 1.570796 0.243918 
696.428571 1.570796 0.204447 
757.142857 1.570796 0.170950 
817.857143 1.570796 0.142568 
878.571429 1.570796 0.118766 
939.285714 1.570796 0.098658 
1000.000000 1.570796 0.081786 
1.000000 1.795196 1.016872 
50.666667 1.795196 0.998659 
100.333333 1.795196 0.952167 
150.000000 1.795196 0.850772 
210.714286 1.795196 0.752701 
271.428571 1.795196 0.657340 
332.142857 1.795196 0.568114 
392.857143 1.795196 0.487115 
453.571429 1.795196 0.415951 
514.285714 1.795196 0.353319 
575.000000 1.795196 0.299175 
635.714286 1.795196 0.252605 
696.428571 1.795196 0.212705 
757.142857 1.795196 0.178734 
817.857143 1.795196 0.149847 
878.571429 1.795196 0.125407 
939.285714 1.795196 0.104682 
1000.000000 1.795196 0.087197 
1.000000 2.019595 1.017100 
50.666667 2.019595 0.998756 
100.333333 2.019595 0.952252 
150.000000 2.019595 0.879117 
210.714286 2.019595 0.787488 
271.428571 2.019595 0.695749 
332.142857 2.019595 0.608957 
392.857143 2.019595 0.528822 
453.571429 2.019595 0.456672 
514.285714 2.019595 0.392822 
575.000000 2.019595 0.336640 
635.714286 2.019595 0.287421 
696.428571 2.019595 0.244824 
757.142857 2.019595 0.208136 
817.857143 2.019595 0.176465 
878.571429 2.019595 0.149243 
939.285714 2.019595 0.126013 
1000.000000 2.019595 0.106215 
1.000000 2.243995 1.016403 
50.666667 2.243995 1.000442 
100.333333 2.243995 0.958996 
150.000000 2.243995 0.902118 
210.714286 2.243995 0.821289 
271.428571 2.243995 0.737570 
332.142857 2.243995 0.654976 
392.857143 2.243995 0.577475 
453.571429 2.243995 0.506059 
514.285714 2.243995 0.441434 
575.000000 2.243995 0.383260 
635.714286 2.243995 0.331559 
696.428571 2.243995 0.286046 
757.142857 2.243995 0.246049 
817.857143 2.243995 0.211064 
878.571429 2.243995 0.180656 
939.285714 2.243995 0.154228 
1000.000000 2.243995 0.131265 
1.000000 2.468394 1.015245 
50.666667 2.468394 1.002923 
100.333333 2.468394 0.969068 
150.000000 2.468394 0.930450 
210.714286 2.468394 0.862403 
271.428571 2.468394 0.787684 
332.142857 2.468394 0.710856 
392.857143 2.468394 0.635581 
453.571429 2.468394 0.564959 
514.285714 2.468394 0.499357 
575.000000 2.468394 0.438934 
635.714286 2.468394 0.383990 
696.428571 2.468394 0.334925 
757.142857 2.468394 0.291129 
817.857143 2.468394 0.252169 
878.571429 2.468394 0.217732 
939.285714 2.468394 0.187418 
1000.000000 2.468394 0.161006 
1.000000 2.692794 1.014086 
50.666667 2.692794 1.005405 
100.333333 2.692794 0.979140 
150.000000 2.692794 0.955828 
210.714286 2.692794 0.898369 
271.428571 2.692794 0.831606 
332.142857 2.692794 0.759207 
392.857143 2.692794 0.686672 
453.571429 2.692794 0.616097 
514.285714 2.692794 0.549401 
575.000000 2.692794 0.486826 
635.714286 2.692794 0.429167 
696.428571 2.692794 0.377019 
757.142857 2.692794 0.329794 
817.857143 2.692794 0.287366 
878.571429 2.692794 0.249521 
939.285714 2.692794 0.216013 
1000.000000 2.692794 0.186385 
1.000000 2.917193 1.012927 
50.666667 2.917193 1.007886 
100.333333 2.917193 0.989213 
150.000000 2.917193 0.960175 
210.714286 2.917193 0.910826 
271.428571 2.917193 0.850004 
332.142857 2.917193 0.782122 
392.857143 2.917193 0.712010 
453.571429 2.917193 0.642829 
514.285714 2.917193 0.576257 
575.000000 2.917193 0.513130 
635.714286 2.917193 0.454519 
696.428571 2.917193 0.400811 
757.142857 2.917193 0.351895 
817.857143 2.917193 0.307754 
878.571429 2.917193 0.268098 
939.285714 2.917193 0.232826 
1000.000000 2.917193 0.201490 
1.000000 3.141593 1.011768 
50.666667 3.141593 1.010367 
100.333333 3.141593 0.999285 
150.000000 3.141593 0.974697 
210.714286 3.141593 0.927439 
271.428571 3.141593 0.868279 
332.142857 3.141593 0.801045 
392.857143 3.141593 0.730963 
453.571429 3.141593 0.661283 
514.285714 3.141593 0.593492 
575.000000 3.141593 0.529154 
635.714286 3.141593 0.469640 
696.428571 3.141593 0.414817 
757.142857 3.141593 0.364491 
817.857143 3.141593 0.319035 
878.571429 3.141593 0.278374 
939.285714 3.141593 0.242029 
1000.000000 3.141593 0.209669 
