1.000000 0.055056 0.092464 0.098226 0.091548 0.145268 0.101402 0.069296 0.046216 0.031996 0.022370 0.049628
56.50000 0.055384 0.092220 0.098350 0.090542 0.145364 0.101068 0.068648 0.047060 0.032290 0.022550 0.050300
112.0000 0.054254 0.089756 0.097140 0.090112 0.147010 0.101500 0.069480 0.047726 0.032852 0.022350 0.050674
167.5000 0.053234 0.088986 0.097054 0.090394 0.145298 0.100922 0.069732 0.048150 0.033196 0.022922 0.051958
223.0000 0.053132 0.087794 0.095730 0.089132 0.144734 0.102104 0.070196 0.048218 0.033698 0.022880 0.053264
278.5000 0.051920 0.086760 0.094000 0.088390 0.144412 0.102132 0.070642 0.049042 0.034174 0.023664 0.054296
334.0000 0.051254 0.084426 0.093280 0.087082 0.143860 0.101610 0.071768 0.049964 0.034828 0.024320 0.055756
389.5000 0.050934 0.083150 0.091150 0.086656 0.142312 0.103264 0.072386 0.050200 0.034852 0.024428 0.057586
445.0000 0.049706 0.082118 0.090544 0.085728 0.142466 0.102530 0.072150 0.051182 0.035392 0.025450 0.058784
500.5000 0.049154 0.079286 0.089364 0.084178 0.141304 0.102228 0.073208 0.051630 0.036794 0.025858 0.061190
556.0000 0.048310 0.079350 0.087892 0.084638 0.140286 0.102370 0.074314 0.051968 0.036384 0.026514 0.062324
611.5000 0.048044 0.077578 0.087356 0.083178 0.138836 0.102472 0.073464 0.053152 0.037666 0.026306 0.064474
667.0000 0.047130 0.077128 0.085668 0.082238 0.139882 0.102180 0.074132 0.053208 0.037296 0.026664 0.066562
722.5000 0.047046 0.076254 0.085626 0.082320 0.138162 0.102950 0.073682 0.052940 0.037828 0.027208 0.067178
778.0000 0.046868 0.075858 0.084162 0.081044 0.138618 0.102198 0.073446 0.053128 0.038238 0.027298 0.069562
833.5000 0.046136 0.075396 0.083564 0.080744 0.137660 0.103030 0.073824 0.053478 0.038664 0.027732 0.069988
889.0000 0.045828 0.074696 0.083576 0.080880 0.137388 0.102964 0.074730 0.053818 0.038638 0.028136 0.070904
944.5000 0.045548 0.073476 0.082484 0.080230 0.136996 0.103280 0.074972 0.053614 0.038972 0.028354 0.072610
1000.000 0.045424 0.073356 0.082350 0.080216 0.137138 0.101788 0.073924 0.054434 0.038760 0.028532 0.073756
