1.000000 0.009485 0.008916 0.008177 0.007402 0.006803 0.006134 0.007657 0.006739 0.006026 0.005335 0.005851 0.005034 0.004485 0.003923 0.003403 0.003555 0.002989 0.002649 0.002627 0.002292 0.002410 0.017768
56.50000 0.009385 0.008660 0.008146 0.007503 0.006664 0.006132 0.007670 0.006766 0.005844 0.005125 0.005776 0.005113 0.004420 0.003826 0.003378 0.003541 0.003065 0.002643 0.002681 0.002354 0.002523 0.017879
112.0000 0.009603 0.008729 0.008155 0.007699 0.006701 0.006333 0.007343 0.006588 0.005831 0.005329 0.005566 0.005200 0.004535 0.003883 0.003417 0.003642 0.002981 0.002776 0.002720 0.002324 0.002491 0.018569
167.5000 0.009511 0.008754 0.008166 0.007372 0.006919 0.006358 0.007555 0.006368 0.006003 0.005254 0.005870 0.005336 0.004446 0.003812 0.003458 0.003637 0.003129 0.002755 0.002804 0.002452 0.002705 0.018868
223.0000 0.009391 0.008576 0.008041 0.007473 0.006616 0.006083 0.007630 0.006437 0.005951 0.005443 0.005766 0.005165 0.004543 0.004073 0.003470 0.003728 0.003306 0.002824 0.002868 0.002424 0.002687 0.019708
278.5000 0.009270 0.008594 0.008176 0.007329 0.006784 0.006136 0.007437 0.006646 0.006202 0.005232 0.005791 0.005212 0.004504 0.004068 0.003544 0.003793 0.003389 0.002843 0.002817 0.002498 0.002721 0.020042
334.0000 0.009385 0.008481 0.007965 0.007114 0.006475 0.006307 0.007337 0.006648 0.006142 0.005146 0.006007 0.005110 0.004568 0.004118 0.003624 0.003943 0.003367 0.002803 0.002901 0.002682 0.002801 0.020631
389.5000 0.009129 0.008272 0.007947 0.007061 0.006575 0.005963 0.007423 0.006794 0.005917 0.005357 0.006096 0.005222 0.004409 0.004082 0.003602 0.003743 0.003359 0.003032 0.003062 0.002610 0.002935 0.021538
445.0000 0.009175 0.008659 0.007734 0.007244 0.006469 0.006120 0.007362 0.006738 0.006021 0.005309 0.005925 0.005369 0.004622 0.004251 0.003643 0.003814 0.003328 0.003035 0.003077 0.002625 0.002983 0.021695
500.5000 0.008953 0.008417 0.007948 0.007119 0.006562 0.006065 0.007261 0.006587 0.006002 0.005454 0.005944 0.005085 0.004627 0.004182 0.003746 0.003905 0.003461 0.003067 0.003140 0.002756 0.003021 0.022466
556.0000 0.008807 0.008397 0.007588 0.007193 0.006522 0.005980 0.007277 0.006428 0.005920 0.005402 0.005904 0.005422 0.004894 0.004099 0.003730 0.003959 0.003507 0.002991 0.003085 0.002708 0.002929 0.023116
611.5000 0.008774 0.008001 0.007565 0.007068 0.006347 0.006014 0.007278 0.006618 0.006012 0.005406 0.005901 0.005223 0.004450 0.004083 0.003617 0.003988 0.003545 0.003059 0.003270 0.002772 0.003043 0.023346
667.0000 0.008491 0.008001 0.007682 0.007024 0.006618 0.005749 0.007295 0.006409 0.005920 0.005231 0.005928 0.005297 0.004685 0.004169 0.003750 0.003822 0.003342 0.002999 0.003101 0.002901 0.003238 0.023817
722.5000 0.008632 0.007875 0.007632 0.006908 0.006458 0.006109 0.007052 0.006565 0.005507 0.005312 0.006065 0.005062 0.004620 0.004160 0.003685 0.004080 0.003460 0.003101 0.003285 0.002836 0.003071 0.024103
778.0000 0.008513 0.008007 0.007624 0.007014 0.006472 0.005944 0.006990 0.006428 0.005740 0.005122 0.006115 0.005234 0.004768 0.004253 0.003652 0.003937 0.003448 0.003113 0.003269 0.002856 0.003231 0.024538
833.5000 0.008413 0.007853 0.007377 0.006924 0.006288 0.005782 0.006980 0.006535 0.005589 0.005106 0.005904 0.005156 0.004636 0.004166 0.003765 0.003998 0.003546 0.003143 0.003309 0.002926 0.003129 0.025337
889.0000 0.008502 0.007846 0.007398 0.006921 0.006373 0.005701 0.007093 0.006433 0.005532 0.005121 0.005841 0.005195 0.004509 0.004188 0.003602 0.003955 0.003487 0.003170 0.003259 0.002767 0.003265 0.025247
944.5000 0.008131 0.007852 0.007405 0.006959 0.006408 0.005814 0.007106 0.006299 0.005659 0.005127 0.005735 0.005113 0.004491 0.004172 0.003658 0.003997 0.003432 0.003179 0.003377 0.002900 0.003147 0.025383
1000.000 0.008186 0.007762 0.007477 0.006713 0.006119 0.005816 0.007078 0.006197 0.005616 0.005196 0.005712 0.005056 0.004626 0.004004 0.003742 0.003870 0.003557 0.003082 0.003258 0.002805 0.003114 0.025795
