1.000000 0.000000 0.011879 0.010745 0.009614 0.008591 0.007585 0.006645 0.007833 0.006635 0.005830 0.005169 0.005377 0.004531 0.003887 0.003305 0.002959 0.002963 0.002363 0.002204 0.002110 0.001846 0.001924 0.013173 
50.666667 0.000000 0.012049 0.010493 0.009658 0.008716 0.007544 0.006874 0.007778 0.006729 0.005938 0.005240 0.005463 0.004388 0.004000 0.003203 0.002864 0.002800 0.002516 0.002144 0.002114 0.001707 0.001922 0.012981 
100.333333 0.000000 0.012037 0.010964 0.009572 0.008467 0.007642 0.006546 0.007938 0.006799 0.005861 0.004855 0.005489 0.004560 0.003813 0.003131 0.002966 0.003077 0.002479 0.002117 0.002064 0.001805 0.002081 0.013240 
150.000000 0.000000 0.011763 0.010912 0.009580 0.008719 0.007582 0.006785 0.007771 0.006491 0.005692 0.005008 0.005473 0.004614 0.003823 0.003320 0.002859 0.002948 0.002515 0.002225 0.002066 0.001885 0.001912 0.013063 
210.714286 0.000000 0.011876 0.010745 0.009751 0.008337 0.007674 0.006783 0.007851 0.006825 0.005773 0.005015 0.005342 0.004735 0.003946 0.003202 0.003082 0.003041 0.002559 0.002229 0.002196 0.001897 0.002005 0.013674 
271.428571 0.000000 0.011763 0.010650 0.009574 0.008485 0.007874 0.006884 0.008125 0.006689 0.005918 0.005267 0.005462 0.004702 0.004112 0.003489 0.002987 0.003106 0.002559 0.002159 0.002212 0.001924 0.002127 0.014383 
332.142857 0.000000 0.011957 0.010629 0.009721 0.008574 0.007670 0.006818 0.007923 0.006922 0.006078 0.005148 0.005682 0.004877 0.004081 0.003591 0.003078 0.003145 0.002771 0.002359 0.002381 0.002023 0.002172 0.014636 
392.857143 0.000000 0.011950 0.010701 0.009484 0.008416 0.007691 0.006745 0.007962 0.006896 0.006014 0.005384 0.005625 0.004789 0.004032 0.003568 0.003119 0.003263 0.002769 0.002237 0.002374 0.001946 0.002223 0.015326 
453.571429 0.000000 0.011815 0.010637 0.009725 0.008658 0.007606 0.006866 0.008003 0.006831 0.006260 0.005186 0.005762 0.004867 0.004323 0.003628 0.003147 0.003291 0.002888 0.002380 0.002410 0.002071 0.002306 0.015495 
514.285714 0.000000 0.011481 0.010851 0.009539 0.008610 0.007326 0.006871 0.007974 0.007075 0.006056 0.005471 0.005906 0.004915 0.004104 0.003635 0.003320 0.003252 0.002867 0.002542 0.002584 0.002195 0.002253 0.016117 
575.000000 0.000000 0.011482 0.010463 0.009655 0.008435 0.007655 0.006554 0.008014 0.006989 0.005998 0.005466 0.005813 0.004999 0.004351 0.003653 0.003374 0.003563 0.002822 0.002506 0.002407 0.002126 0.002395 0.016762 
635.714286 0.000000 0.011533 0.010241 0.009322 0.008500 0.007505 0.006651 0.008099 0.007036 0.006149 0.005295 0.005764 0.005177 0.004144 0.003831 0.003434 0.003494 0.003023 0.002533 0.002547 0.002176 0.002479 0.017367 
696.428571 0.000000 0.011355 0.010441 0.009470 0.008614 0.007485 0.006891 0.007928 0.007140 0.006177 0.005301 0.005880 0.004972 0.004496 0.003831 0.003159 0.003452 0.003028 0.002591 0.002728 0.002258 0.002513 0.017924 
757.142857 0.000000 0.011104 0.010250 0.009440 0.008100 0.007429 0.006751 0.007926 0.007250 0.006095 0.005550 0.006171 0.005165 0.004333 0.003834 0.003451 0.003567 0.003016 0.002518 0.002681 0.002334 0.002438 0.018007 
817.857143 0.000000 0.011343 0.010317 0.009190 0.008190 0.007709 0.006843 0.007855 0.006983 0.006139 0.005509 0.005822 0.005151 0.004489 0.003920 0.003356 0.003416 0.003132 0.002695 0.002737 0.002227 0.002544 0.018589 
878.571429 0.000000 0.010838 0.010337 0.009126 0.008219 0.007231 0.006808 0.007786 0.006990 0.006199 0.005453 0.005810 0.005150 0.004453 0.004002 0.003401 0.003613 0.003176 0.002667 0.002669 0.002401 0.002603 0.018996 
939.285714 0.000000 0.010988 0.010079 0.009113 0.008088 0.007491 0.006529 0.007782 0.006952 0.006203 0.005405 0.005968 0.005163 0.004369 0.003974 0.003579 0.003671 0.003197 0.002637 0.002730 0.002213 0.002750 0.019608 
1000.000000 0.000000 0.010878 0.009934 0.009127 0.008301 0.007369 0.006616 0.007956 0.006864 0.006032 0.005433 0.005980 0.005343 0.004483 0.003908 0.003515 0.003475 0.003068 0.002700 0.002726 0.002381 0.002601 0.019306 
1.000000 0.224399 0.011815 0.010679 0.009668 0.008653 0.007617 0.006648 0.007833 0.006651 0.005784 0.005151 0.005390 0.004524 0.003878 0.003290 0.002947 0.002968 0.002402 0.002176 0.002142 0.001840 0.001940 0.013174 
50.666667 0.224399 0.011981 0.010564 0.009642 0.008721 0.007585 0.006870 0.007812 0.006722 0.005870 0.005174 0.005516 0.004435 0.003945 0.003239 0.002858 0.002822 0.002502 0.002144 0.002122 0.001725 0.001933 0.013140 
100.333333 0.224399 0.011949 0.010881 0.009543 0.008480 0.007651 0.006594 0.007983 0.006778 0.005823 0.004893 0.005482 0.004576 0.003867 0.003164 0.002981 0.003074 0.002493 0.002112 0.002119 0.001830 0.002075 0.013348 
150.000000 0.224399 0.011872 0.010801 0.009720 0.008724 0.007764 0.006619 0.007994 0.006712 0.005963 0.004925 0.005454 0.004534 0.003804 0.003228 0.002791 0.003025 0.002483 0.002169 0.002145 0.001841 0.001970 0.013540 
210.714286 0.224399 0.011935 0.010811 0.009845 0.008675 0.007568 0.006864 0.008035 0.006677 0.005650 0.005113 0.005459 0.004684 0.003845 0.003389 0.003011 0.003063 0.002556 0.002033 0.002152 0.001716 0.002088 0.013763 
271.428571 0.224399 0.011619 0.010904 0.009745 0.008575 0.007633 0.006934 0.007970 0.006994 0.005680 0.005067 0.005344 0.004774 0.003928 0.003691 0.002837 0.002937 0.002735 0.002295 0.002288 0.001903 0.001959 0.013992 
332.142857 0.224399 0.011869 0.010963 0.009756 0.008609 0.007658 0.006642 0.008014 0.006795 0.006083 0.005055 0.005539 0.004824 0.004104 0.003478 0.003018 0.003241 0.002684 0.002198 0.002232 0.001893 0.002228 0.014618 
392.857143 0.224399 0.011805 0.010754 0.009993 0.008694 0.007686 0.006803 0.007957 0.007068 0.006198 0.005466 0.005572 0.004949 0.004104 0.003538 0.003044 0.003301 0.002781 0.002387 0.002359 0.002142 0.002177 0.015220 
453.571429 0.224399 0.011676 0.010632 0.009819 0.008379 0.007595 0.006880 0.008106 0.006701 0.006117 0.005370 0.005760 0.005079 0.004312 0.003798 0.003184 0.003206 0.002708 0.002369 0.002485 0.002058 0.002291 0.015687 
514.285714 0.224399 0.011515 0.010456 0.009569 0.008362 0.007453 0.006941 0.008053 0.007120 0.006101 0.005497 0.006031 0.005001 0.004347 0.003734 0.003298 0.003282 0.003057 0.002560 0.002522 0.002052 0.002325 0.016220 
575.000000 0.224399 0.011599 0.010778 0.009562 0.008660 0.007634 0.007022 0.007983 0.006940 0.006043 0.005323 0.005975 0.004918 0.004205 0.003790 0.003327 0.003401 0.002939 0.002484 0.002628 0.002147 0.002355 0.016956 
635.714286 0.224399 0.011446 0.010583 0.009428 0.008477 0.007599 0.006598 0.008098 0.007169 0.006180 0.005589 0.005871 0.005119 0.004363 0.003817 0.003438 0.003539 0.002999 0.002465 0.002449 0.002209 0.002447 0.017326 
696.428571 0.224399 0.011257 0.010709 0.009332 0.008415 0.007529 0.006682 0.008010 0.007045 0.006287 0.005357 0.005972 0.005012 0.004530 0.003853 0.003413 0.003522 0.002878 0.002693 0.002659 0.002284 0.002587 0.017434 
757.142857 0.224399 0.011031 0.010496 0.009028 0.008188 0.007320 0.006853 0.007717 0.006993 0.006203 0.005211 0.005917 0.004988 0.004471 0.004028 0.003334 0.003414 0.003090 0.002711 0.002685 0.002252 0.002428 0.018022 
817.857143 0.224399 0.011056 0.010573 0.009123 0.008604 0.007634 0.006623 0.008227 0.006868 0.006064 0.005443 0.005932 0.005078 0.004416 0.003841 0.003470 0.003644 0.003055 0.002640 0.002752 0.002357 0.002670 0.018327 
878.571429 0.224399 0.011046 0.010238 0.009304 0.008232 0.007296 0.006516 0.008041 0.007051 0.006177 0.005155 0.006073 0.004969 0.004616 0.003999 0.003417 0.003712 0.003195 0.002788 0.002676 0.002285 0.002584 0.018881 
939.285714 0.224399 0.010906 0.010075 0.009253 0.008615 0.007386 0.006785 0.007733 0.006777 0.006068 0.005440 0.005689 0.005378 0.004424 0.003923 0.003508 0.003632 0.003203 0.002762 0.002808 0.002349 0.002650 0.018976 
1000.000000 0.224399 0.010684 0.010137 0.008901 0.008161 0.007334 0.006650 0.008007 0.006833 0.006162 0.005464 0.005921 0.005144 0.004394 0.003981 0.003523 0.003559 0.003160 0.002703 0.002849 0.002328 0.002681 0.019585 
1.000000 0.448799 0.011751 0.010614 0.009723 0.008714 0.007648 0.006651 0.007833 0.006668 0.005737 0.005133 0.005404 0.004517 0.003869 0.003275 0.002934 0.002973 0.002441 0.002148 0.002175 0.001834 0.001955 0.013174 
50.666667 0.448799 0.011912 0.010635 0.009626 0.008727 0.007626 0.006865 0.007847 0.006715 0.005802 0.005107 0.005569 0.004481 0.003890 0.003275 0.002851 0.002845 0.002489 0.002144 0.002130 0.001743 0.001944 0.013299 
100.333333 0.448799 0.011862 0.010798 0.009514 0.008494 0.007660 0.006642 0.008029 0.006757 0.005784 0.004931 0.005475 0.004593 0.003921 0.003198 0.002996 0.003070 0.002507 0.002108 0.002174 0.001854 0.002069 0.013456 
150.000000 0.448799 0.011965 0.010589 0.009635 0.008435 0.007627 0.006741 0.007796 0.006898 0.005741 0.005053 0.005504 0.004564 0.003793 0.003276 0.002829 0.002938 0.002578 0.002141 0.002226 0.001787 0.002071 0.013617 
210.714286 0.448799 0.011912 0.010836 0.009669 0.008865 0.007803 0.006897 0.007901 0.006851 0.005914 0.005139 0.005526 0.004665 0.003945 0.003204 0.002788 0.003067 0.002547 0.002241 0.002315 0.001851 0.002064 0.013950 
271.428571 0.448799 0.011861 0.010738 0.009550 0.008537 0.007800 0.006916 0.007999 0.006629 0.006000 0.005343 0.005556 0.004694 0.003962 0.003528 0.002968 0.003036 0.002811 0.002417 0.002276 0.001913 0.002140 0.014764 
332.142857 0.448799 0.011619 0.010587 0.009755 0.008565 0.007645 0.006971 0.007815 0.006744 0.006143 0.005205 0.005528 0.004767 0.004098 0.003529 0.002972 0.003215 0.002685 0.002309 0.002323 0.001917 0.002114 0.014907 
392.857143 0.448799 0.011681 0.010778 0.009598 0.008578 0.007845 0.006972 0.007962 0.006763 0.006044 0.005340 0.005822 0.004872 0.004182 0.003732 0.003104 0.003212 0.002658 0.002628 0.002445 0.002032 0.002200 0.015506 
453.571429 0.448799 0.011710 0.010632 0.009422 0.008466 0.007643 0.006754 0.007924 0.007156 0.006154 0.005235 0.005739 0.004867 0.004289 0.003804 0.003111 0.003342 0.002826 0.002599 0.002539 0.002122 0.002280 0.015915 
514.285714 0.448799 0.011539 0.010366 0.009690 0.008418 0.007818 0.006755 0.008259 0.006873 0.006002 0.005200 0.005655 0.005066 0.004398 0.003729 0.003232 0.003441 0.002875 0.002482 0.002572 0.002125 0.002327 0.016075 
575.000000 0.448799 0.011316 0.010590 0.009324 0.008301 0.007679 0.006706 0.008240 0.007073 0.006154 0.005419 0.005915 0.004976 0.004226 0.003846 0.003341 0.003451 0.002913 0.002574 0.002663 0.002141 0.002356 0.017055 
635.714286 0.448799 0.011716 0.010228 0.009528 0.008626 0.007652 0.006726 0.007927 0.007121 0.006074 0.005389 0.005615 0.004883 0.004394 0.003687 0.003294 0.003602 0.002985 0.002574 0.002506 0.002215 0.002394 0.017355 
696.428571 0.448799 0.011166 0.010185 0.009343 0.008387 0.007729 0.006830 0.008214 0.006977 0.006006 0.005318 0.005838 0.005118 0.004398 0.003858 0.003373 0.003590 0.003012 0.002723 0.002639 0.002294 0.002567 0.017810 
757.142857 0.448799 0.011087 0.010180 0.009140 0.008350 0.007439 0.006683 0.008151 0.006888 0.006068 0.005482 0.006030 0.004784 0.004343 0.003890 0.003315 0.003601 0.003114 0.002711 0.002946 0.002234 0.002645 0.018576 
817.857143 0.448799 0.011104 0.010539 0.009300 0.008376 0.007452 0.006508 0.007969 0.006754 0.006338 0.005392 0.005983 0.005043 0.004468 0.003868 0.003351 0.003590 0.003115 0.002644 0.002682 0.002339 0.002636 0.018379 
878.571429 0.448799 0.011209 0.010032 0.009212 0.008148 0.007485 0.006831 0.007905 0.006789 0.006128 0.005554 0.005913 0.005264 0.004556 0.003975 0.003420 0.003474 0.003171 0.002684 0.002698 0.002421 0.002632 0.018784 
939.285714 0.448799 0.010928 0.009988 0.009168 0.008054 0.007472 0.006500 0.007940 0.006743 0.006128 0.005332 0.005997 0.005260 0.004378 0.003999 0.003335 0.003664 0.003239 0.002740 0.002790 0.002544 0.002640 0.019725 
1000.000000 0.448799 0.010539 0.010066 0.008778 0.008036 0.007247 0.006647 0.007830 0.007156 0.006218 0.005477 0.005910 0.004940 0.004513 0.003886 0.003499 0.003615 0.003144 0.002772 0.002880 0.002447 0.002699 0.019936 
1.000000 0.673198 0.011687 0.010548 0.009777 0.008776 0.007680 0.006653 0.007834 0.006684 0.005691 0.005114 0.005417 0.004510 0.003859 0.003261 0.002922 0.002978 0.002480 0.002120 0.002207 0.001828 0.001971 0.013175 
50.666667 0.673198 0.011844 0.010706 0.009610 0.008732 0.007667 0.006861 0.007881 0.006708 0.005734 0.005041 0.005622 0.004528 0.003835 0.003312 0.002845 0.002867 0.002475 0.002144 0.002138 0.001760 0.001955 0.013458 
100.333333 0.673198 0.011774 0.010715 0.009485 0.008507 0.007668 0.006689 0.008074 0.006735 0.005746 0.004969 0.005468 0.004609 0.003974 0.003231 0.003012 0.003067 0.002521 0.002103 0.002229 0.001879 0.002063 0.013565 
150.000000 0.673198 0.011879 0.010905 0.009503 0.008696 0.007754 0.006980 0.007871 0.006804 0.005875 0.005263 0.005627 0.004626 0.004076 0.003278 0.002720 0.002978 0.002583 0.002153 0.002189 0.001833 0.001988 0.013921 
210.714286 0.673198 0.011414 0.010793 0.009479 0.008615 0.007767 0.006681 0.008025 0.006868 0.005893 0.005310 0.005675 0.004736 0.004140 0.003486 0.003054 0.003375 0.002739 0.002330 0.002410 0.001978 0.002125 0.014581 
271.428571 0.673198 0.011848 0.010982 0.009507 0.008673 0.007632 0.006850 0.008066 0.007053 0.006110 0.005256 0.005762 0.004844 0.004114 0.003584 0.003154 0.003196 0.002756 0.002277 0.002255 0.001954 0.002193 0.014827 
332.142857 0.673198 0.011903 0.010645 0.009385 0.008453 0.007822 0.006685 0.008019 0.006815 0.006130 0.005328 0.005869 0.004987 0.004167 0.003528 0.003329 0.003351 0.002558 0.002323 0.002321 0.002019 0.002222 0.015517 
392.857143 0.673198 0.011718 0.010620 0.009634 0.008472 0.007641 0.006856 0.007962 0.006926 0.006157 0.005404 0.005529 0.004872 0.004340 0.003650 0.003206 0.003286 0.002738 0.002479 0.002449 0.002138 0.002369 0.015950 
453.571429 0.673198 0.011363 0.010510 0.009424 0.008704 0.007839 0.006898 0.007961 0.006878 0.006041 0.005368 0.005696 0.005059 0.004349 0.003594 0.003129 0.003343 0.002872 0.002454 0.002376 0.002212 0.002298 0.016663 
514.285714 0.673198 0.011318 0.010741 0.009204 0.008413 0.007524 0.006857 0.008343 0.007108 0.006010 0.005295 0.005665 0.004982 0.004400 0.003724 0.003288 0.003390 0.003009 0.002592 0.002636 0.002210 0.002427 0.017233 
575.000000 0.673198 0.011527 0.010275 0.009645 0.008490 0.007507 0.006498 0.007956 0.007111 0.006225 0.005312 0.005922 0.005123 0.004219 0.003739 0.003326 0.003478 0.003061 0.002481 0.002718 0.002257 0.002485 0.017735 
635.714286 0.673198 0.011106 0.010417 0.009434 0.008504 0.007597 0.006774 0.007777 0.007075 0.005890 0.005300 0.005842 0.005101 0.004319 0.003820 0.003376 0.003380 0.003143 0.002676 0.002670 0.002251 0.002506 0.018099 
696.428571 0.673198 0.011130 0.010292 0.009259 0.008395 0.007441 0.006713 0.008032 0.006924 0.006240 0.005368 0.005863 0.005141 0.004479 0.003846 0.003326 0.003443 0.002976 0.002629 0.002697 0.002216 0.002562 0.018250 
757.142857 0.673198 0.011180 0.010221 0.009155 0.008315 0.007557 0.006747 0.008080 0.006821 0.006109 0.005502 0.005833 0.005105 0.004403 0.003908 0.003408 0.003425 0.002983 0.002707 0.002853 0.002220 0.002444 0.018821 
817.857143 0.673198 0.011086 0.010212 0.009054 0.008113 0.007348 0.006794 0.007921 0.006882 0.006046 0.005363 0.005930 0.005170 0.004615 0.003781 0.003298 0.003661 0.003154 0.002787 0.002793 0.002388 0.002532 0.018981 
878.571429 0.673198 0.010863 0.009939 0.009217 0.008502 0.007313 0.006545 0.007778 0.006828 0.006170 0.005422 0.005900 0.005168 0.004534 0.003993 0.003492 0.003705 0.003157 0.002782 0.002768 0.002486 0.002612 0.019834 
939.285714 0.673198 0.010865 0.010019 0.009113 0.008105 0.007404 0.006648 0.008067 0.006883 0.006193 0.005357 0.005925 0.005099 0.004375 0.004011 0.003419 0.003616 0.003004 0.002630 0.002778 0.002431 0.002778 0.020065 
1000.000000 0.673198 0.010813 0.009813 0.009030 0.007966 0.007168 0.006583 0.007954 0.006938 0.006080 0.005336 0.006040 0.005074 0.004631 0.003882 0.003429 0.003675 0.003176 0.002809 0.002834 0.002499 0.002725 0.020209 
1.000000 0.897598 0.011624 0.010483 0.009832 0.008838 0.007712 0.006656 0.007834 0.006700 0.005644 0.005096 0.005431 0.004503 0.003850 0.003246 0.002909 0.002983 0.002519 0.002093 0.002239 0.001822 0.001987 0.013176 
50.666667 0.897598 0.011776 0.010777 0.009595 0.008737 0.007709 0.006857 0.007916 0.006702 0.005665 0.004974 0.005676 0.004575 0.003781 0.003348 0.002838 0.002890 0.002461 0.002144 0.002147 0.001778 0.001966 0.013617 
100.333333 0.897598 0.011686 0.010632 0.009455 0.008521 0.007677 0.006737 0.008120 0.006714 0.005708 0.005007 0.005462 0.004626 0.004028 0.003265 0.003027 0.003063 0.002535 0.002098 0.002284 0.001904 0.002057 0.013673 
150.000000 0.897598 0.011850 0.010929 0.009704 0.008644 0.007847 0.006634 0.007853 0.006914 0.005884 0.005055 0.005476 0.004580 0.004047 0.003619 0.002913 0.003066 0.002657 0.002195 0.002209 0.001859 0.002030 0.014079 
210.714286 0.897598 0.011844 0.010587 0.009695 0.008522 0.007570 0.006899 0.007838 0.006953 0.006041 0.005015 0.005602 0.004707 0.003959 0.003567 0.003004 0.003007 0.002833 0.002273 0.002320 0.001914 0.002146 0.014419 
271.428571 0.897598 0.011730 0.010658 0.009599 0.008903 0.007469 0.006860 0.008022 0.006953 0.006230 0.005399 0.005614 0.004706 0.004291 0.003500 0.002924 0.003179 0.002881 0.002274 0.002402 0.001966 0.002134 0.014711 
332.142857 0.897598 0.011531 0.010733 0.009538 0.008714 0.007421 0.006906 0.007763 0.006912 0.006115 0.004987 0.005881 0.004869 0.004206 0.003711 0.003272 0.003078 0.002756 0.002411 0.002408 0.001962 0.002127 0.015456 
392.857143 0.897598 0.011652 0.010441 0.009550 0.008642 0.007582 0.006728 0.008013 0.006935 0.006152 0.005364 0.005856 0.004947 0.004326 0.003852 0.003217 0.003266 0.002780 0.002428 0.002504 0.002245 0.002251 0.016374 
453.571429 0.897598 0.011309 0.010580 0.009358 0.008426 0.007473 0.006947 0.008252 0.006874 0.006059 0.005276 0.006089 0.004979 0.004361 0.003803 0.003256 0.003313 0.003114 0.002405 0.002516 0.002275 0.002502 0.016981 
514.285714 0.897598 0.011294 0.010574 0.009509 0.008480 0.007537 0.006658 0.007952 0.006698 0.005912 0.005374 0.005786 0.004941 0.004215 0.003956 0.003300 0.003370 0.003033 0.002530 0.002724 0.002221 0.002566 0.017700 
575.000000 0.897598 0.011312 0.010226 0.009568 0.008328 0.007409 0.006801 0.007813 0.007024 0.006057 0.005403 0.005824 0.005036 0.004215 0.003892 0.003268 0.003575 0.003110 0.002602 0.002711 0.002329 0.002558 0.017864 
635.714286 0.897598 0.011138 0.010147 0.009391 0.008364 0.007676 0.006658 0.008090 0.006880 0.005938 0.005330 0.005823 0.005090 0.004456 0.003766 0.003469 0.003547 0.002980 0.002663 0.002595 0.002428 0.002541 0.018610 
696.428571 0.897598 0.010987 0.010167 0.009166 0.008181 0.007363 0.006681 0.007996 0.006913 0.006031 0.005319 0.006033 0.004948 0.004376 0.003821 0.003508 0.003538 0.003093 0.002675 0.002798 0.002413 0.002579 0.019116 
757.142857 0.897598 0.010955 0.009939 0.009183 0.008373 0.007563 0.006594 0.007876 0.006891 0.006149 0.005486 0.005901 0.005195 0.004487 0.003834 0.003322 0.003683 0.003084 0.002679 0.002779 0.002372 0.002560 0.019673 
817.857143 0.897598 0.010848 0.010063 0.008868 0.008296 0.007282 0.006644 0.007871 0.007003 0.006027 0.005321 0.006021 0.004916 0.004439 0.003865 0.003292 0.003491 0.003146 0.002773 0.002855 0.002366 0.002600 0.020011 
878.571429 0.897598 0.010780 0.009865 0.009106 0.008153 0.007372 0.006762 0.007827 0.006764 0.005966 0.005345 0.005884 0.005291 0.004631 0.003747 0.003536 0.003486 0.003160 0.002833 0.002692 0.002394 0.002554 0.020296 
939.285714 0.897598 0.010736 0.010018 0.008910 0.007974 0.007509 0.006423 0.007748 0.006874 0.006070 0.005321 0.006080 0.005184 0.004383 0.003972 0.003491 0.003597 0.003196 0.002872 0.002886 0.002513 0.002663 0.020593 
1000.000000 0.897598 0.010471 0.009936 0.009040 0.007933 0.007300 0.006510 0.007815 0.006989 0.006065 0.005432 0.005775 0.004915 0.004335 0.003822 0.003305 0.003638 0.003089 0.002866 0.002804 0.002483 0.002728 0.020925 
1.000000 1.121997 0.011602 0.010460 0.009861 0.008857 0.007732 0.006679 0.007821 0.006723 0.005608 0.005077 0.005437 0.004497 0.003843 0.003237 0.002897 0.002974 0.002546 0.002080 0.002243 0.001815 0.001991 0.013169 
50.666667 1.121997 0.011741 0.010814 0.009587 0.008729 0.007719 0.006843 0.007946 0.006703 0.005643 0.004939 0.005693 0.004596 0.003754 0.003366 0.002835 0.002902 0.002460 0.002146 0.002153 0.001793 0.001974 0.013707 
100.333333 1.121997 0.011659 0.010587 0.009447 0.008521 0.007680 0.006782 0.008144 0.006700 0.005696 0.005042 0.005447 0.004644 0.004061 0.003293 0.003034 0.003060 0.002546 0.002102 0.002311 0.001920 0.002047 0.013759 
150.000000 1.121997 0.011808 0.010841 0.009543 0.008459 0.007711 0.006985 0.007997 0.006941 0.005965 0.005312 0.005849 0.004716 0.004087 0.003479 0.003121 0.003162 0.002647 0.002295 0.002287 0.001949 0.002092 0.014193 
210.714286 1.121997 0.011575 0.010754 0.009341 0.008514 0.007547 0.006837 0.007993 0.006988 0.005950 0.005114 0.005622 0.004762 0.004259 0.003535 0.003081 0.003127 0.002751 0.002250 0.002417 0.002015 0.002238 0.015100 
271.428571 1.121997 0.011692 0.010442 0.009598 0.008515 0.007701 0.006935 0.008390 0.006927 0.006188 0.005428 0.005653 0.005022 0.004295 0.003509 0.003159 0.003199 0.002735 0.002416 0.002582 0.001998 0.002191 0.015744 
332.142857 1.121997 0.011182 0.010654 0.009505 0.008506 0.007681 0.006624 0.008077 0.007036 0.005835 0.005343 0.005753 0.004770 0.004108 0.003628 0.003415 0.003405 0.002969 0.002485 0.002495 0.001997 0.002248 0.016436 
392.857143 1.121997 0.011615 0.010275 0.009102 0.008251 0.007430 0.006593 0.008009 0.006788 0.006168 0.005389 0.005873 0.005180 0.004478 0.003669 0.003316 0.003478 0.002918 0.002483 0.002399 0.002170 0.002529 0.017075 
453.571429 1.121997 0.011325 0.010273 0.009563 0.008437 0.007493 0.006672 0.007871 0.007088 0.006056 0.005293 0.005966 0.005223 0.004450 0.003906 0.003288 0.003541 0.002941 0.002587 0.002616 0.002312 0.002515 0.017813 
514.285714 1.121997 0.011707 0.010553 0.009523 0.008225 0.007453 0.006700 0.007904 0.007105 0.006188 0.005546 0.005867 0.004971 0.004101 0.003730 0.003445 0.003308 0.002947 0.002472 0.002519 0.002315 0.002328 0.016363 
575.000000 1.121997 0.011265 0.010173 0.009012 0.008037 0.007500 0.006717 0.007965 0.006964 0.006033 0.005345 0.006009 0.005117 0.004399 0.003988 0.003454 0.003448 0.003043 0.002784 0.002678 0.002379 0.002628 0.019268 
635.714286 1.121997 0.011368 0.010659 0.009375 0.008422 0.007138 0.006754 0.007851 0.007256 0.006209 0.005310 0.006042 0.004979 0.004317 0.003945 0.003109 0.003390 0.002896 0.002558 0.002645 0.002227 0.002387 0.017554 
696.428571 1.121997 0.010788 0.009996 0.009020 0.008101 0.007417 0.006746 0.007722 0.006479 0.006074 0.005450 0.005607 0.005129 0.004508 0.004006 0.003335 0.003768 0.003180 0.002647 0.002783 0.002448 0.002729 0.019731 
757.142857 1.121997 0.010779 0.010258 0.009097 0.007769 0.007517 0.006844 0.008021 0.006609 0.006087 0.005297 0.005667 0.004608 0.004624 0.004053 0.003346 0.003901 0.003313 0.002539 0.003145 0.002522 0.002623 0.019708 
817.857143 1.121997 0.010783 0.009829 0.009025 0.007934 0.007254 0.006358 0.007609 0.006729 0.005987 0.005341 0.005726 0.005027 0.004365 0.003816 0.003519 0.003633 0.003172 0.002871 0.002929 0.002522 0.002713 0.020313 
878.571429 1.121997 0.010628 0.009936 0.008948 0.008122 0.007074 0.006194 0.007739 0.006781 0.006028 0.005124 0.005763 0.005232 0.004540 0.004005 0.003424 0.003668 0.003149 0.002726 0.002820 0.002544 0.002730 0.021076 
939.285714 1.121997 0.010390 0.009547 0.009010 0.008016 0.007222 0.006400 0.007623 0.006661 0.005988 0.005382 0.005968 0.004920 0.004413 0.003839 0.003493 0.003553 0.003186 0.002832 0.002912 0.002457 0.002821 0.021516 
1000.000000 1.121997 0.010265 0.009614 0.008804 0.008057 0.007205 0.006426 0.007470 0.006724 0.006007 0.005522 0.005770 0.004895 0.004524 0.003879 0.003494 0.003681 0.003148 0.002907 0.002863 0.002533 0.002845 0.022299 
1.000000 1.346397 0.011666 0.010524 0.009841 0.008790 0.007727 0.006742 0.007783 0.006757 0.005594 0.005057 0.005429 0.004493 0.003839 0.003239 0.002886 0.002940 0.002548 0.002097 0.002188 0.001806 0.001972 0.013149 
50.666667 1.346397 0.011776 0.010785 0.009598 0.008691 0.007666 0.006811 0.007965 0.006722 0.005713 0.004968 0.005641 0.004567 0.003786 0.003349 0.002837 0.002892 0.002484 0.002151 0.002158 0.001803 0.001979 0.013658 
100.333333 1.346397 0.011750 0.010617 0.009482 0.008493 0.007672 0.006823 0.008127 0.006699 0.005736 0.005073 0.005415 0.004663 0.004053 0.003313 0.003026 0.003057 0.002553 0.002124 0.002279 0.001918 0.002031 0.013799 
150.000000 1.346397 0.011609 0.010541 0.009852 0.008630 0.007689 0.006984 0.007848 0.006811 0.006041 0.005386 0.005559 0.004649 0.003981 0.003535 0.003011 0.003186 0.002790 0.002317 0.002273 0.001843 0.002042 0.014547 
210.714286 1.346397 0.011749 0.010583 0.009367 0.008629 0.007686 0.006920 0.007819 0.007236 0.006096 0.005259 0.005794 0.004835 0.004314 0.003647 0.003068 0.003225 0.002847 0.002260 0.002266 0.002055 0.002338 0.015392 
271.428571 1.346397 0.011466 0.010485 0.009227 0.008391 0.007833 0.006991 0.008112 0.006838 0.006129 0.005311 0.005729 0.005023 0.004268 0.003661 0.003289 0.003277 0.002735 0.002351 0.002417 0.002120 0.002323 0.015834 
332.142857 1.346397 0.011347 0.010401 0.009377 0.008690 0.007650 0.006953 0.007929 0.007008 0.006068 0.005381 0.005986 0.004917 0.004319 0.003648 0.003339 0.003287 0.002893 0.002594 0.002450 0.002203 0.002408 0.016877 
392.857143 1.346397 0.011238 0.010726 0.009537 0.008415 0.007626 0.006629 0.007869 0.006978 0.006189 0.005288 0.005868 0.005057 0.004426 0.003912 0.003276 0.003399 0.003188 0.002596 0.002535 0.002256 0.002497 0.017663 
453.571429 1.346397 0.011424 0.010338 0.009271 0.008354 0.007523 0.006714 0.008368 0.007061 0.005857 0.005460 0.005904 0.004995 0.004242 0.003654 0.003363 0.003383 0.003052 0.002673 0.002635 0.002272 0.002458 0.018282 
514.285714 1.346397 0.010950 0.010109 0.009132 0.008142 0.007697 0.006762 0.007944 0.006938 0.006023 0.005335 0.005758 0.005114 0.004423 0.003793 0.003294 0.003615 0.003041 0.002709 0.002707 0.002378 0.002722 0.019037 
575.000000 1.346397 0.010964 0.010230 0.009261 0.008290 0.007409 0.006751 0.007899 0.006907 0.006023 0.005435 0.005922 0.005118 0.004522 0.004043 0.003465 0.003683 0.003164 0.002728 0.002734 0.002448 0.002538 0.019705 
635.714286 1.346397 0.010896 0.009877 0.009211 0.008177 0.007445 0.006528 0.007755 0.006923 0.006079 0.005435 0.005664 0.005048 0.004316 0.003953 0.003409 0.003724 0.003115 0.002579 0.002571 0.002481 0.002667 0.020210 
696.428571 1.346397 0.010945 0.009862 0.009033 0.007912 0.007334 0.006745 0.007940 0.006923 0.005846 0.005243 0.005700 0.004976 0.004356 0.004041 0.003460 0.003762 0.003281 0.002812 0.002776 0.002547 0.002880 0.020668 
757.142857 1.346397 0.010865 0.010247 0.009829 0.008288 0.007666 0.006864 0.008101 0.006915 0.006323 0.005484 0.005942 0.005220 0.004578 0.003706 0.003339 0.003609 0.003131 0.002740 0.002841 0.002313 0.002577 0.018444 
817.857143 1.346397 0.010233 0.009639 0.008839 0.008083 0.007159 0.006570 0.007716 0.006628 0.005728 0.005261 0.005860 0.005218 0.004527 0.003947 0.003538 0.003703 0.003238 0.002857 0.003013 0.002614 0.002889 0.021862 
878.571429 1.346397 0.010452 0.009590 0.008783 0.007939 0.006798 0.006430 0.007682 0.006750 0.005796 0.005373 0.005712 0.004979 0.004528 0.003858 0.003441 0.003736 0.003269 0.002902 0.002892 0.002501 0.002792 0.021977 
939.285714 1.346397 0.010463 0.009445 0.008856 0.007683 0.006903 0.006280 0.007583 0.006641 0.005935 0.005418 0.005923 0.004917 0.004524 0.004097 0.003512 0.003909 0.003201 0.002939 0.002912 0.002528 0.002830 0.022382 
1000.000000 1.346397 0.010215 0.009283 0.008746 0.007896 0.006880 0.006261 0.007536 0.006467 0.005874 0.005293 0.005774 0.005153 0.004525 0.003906 0.003465 0.003664 0.003331 0.002972 0.002828 0.002601 0.002892 0.022615 
1.000000 1.570796 0.011730 0.010587 0.009820 0.008723 0.007723 0.006804 0.007744 0.006792 0.005581 0.005037 0.005421 0.004490 0.003836 0.003240 0.002874 0.002905 0.002551 0.002115 0.002133 0.001797 0.001954 0.013130 
50.666667 1.570796 0.011810 0.010756 0.009608 0.008654 0.007614 0.006780 0.007985 0.006741 0.005782 0.004996 0.005588 0.004539 0.003817 0.003333 0.002839 0.002882 0.002508 0.002157 0.002162 0.001813 0.001983 0.013610 
100.333333 1.570796 0.011842 0.010647 0.009516 0.008465 0.007665 0.006863 0.008111 0.006699 0.005777 0.005104 0.005384 0.004683 0.004046 0.003332 0.003018 0.003055 0.002560 0.002146 0.002248 0.001917 0.002014 0.013840 
150.000000 1.570796 0.011876 0.010803 0.009520 0.008629 0.007746 0.007038 0.007857 0.006966 0.005994 0.005001 0.005653 0.004979 0.004136 0.003382 0.003014 0.003266 0.002805 0.002296 0.002230 0.001953 0.002085 0.014501 
210.714286 1.570796 0.011734 0.010442 0.009199 0.008443 0.007977 0.006984 0.008103 0.006924 0.005992 0.005564 0.005634 0.004933 0.004021 0.003743 0.003028 0.003167 0.002741 0.002393 0.002445 0.001899 0.002260 0.015319 
271.428571 1.570796 0.011729 0.010646 0.009411 0.008621 0.007757 0.006853 0.007952 0.007168 0.006100 0.005358 0.005859 0.005059 0.004271 0.003823 0.003267 0.003361 0.002750 0.002431 0.002497 0.002099 0.002302 0.016022 
332.142857 1.570796 0.011594 0.010230 0.009395 0.008463 0.007691 0.006665 0.008121 0.006920 0.006086 0.005259 0.005691 0.004980 0.004411 0.003813 0.003367 0.003507 0.002895 0.002569 0.002577 0.002192 0.002350 0.017044 
392.857143 1.570796 0.011259 0.010203 0.009464 0.008505 0.007724 0.006734 0.008017 0.007200 0.006222 0.005403 0.005881 0.005108 0.004437 0.003781 0.003387 0.003578 0.003162 0.002660 0.002644 0.002251 0.002397 0.017722 
453.571429 1.570796 0.011059 0.010232 0.009142 0.008223 0.007724 0.006676 0.007824 0.007047 0.006443 0.005348 0.005906 0.005231 0.004354 0.003845 0.003453 0.003586 0.003046 0.002601 0.002765 0.002464 0.002458 0.018648 
514.285714 1.570796 0.011093 0.010017 0.009068 0.008480 0.007347 0.006613 0.007887 0.006847 0.006143 0.005427 0.005866 0.005032 0.004462 0.003800 0.003527 0.003641 0.003222 0.002805 0.002733 0.002530 0.002694 0.019202 
575.000000 1.570796 0.010726 0.010212 0.008944 0.008236 0.007233 0.006623 0.007847 0.006803 0.005971 0.005345 0.005911 0.004974 0.004506 0.003842 0.003531 0.003579 0.003260 0.002731 0.002913 0.002488 0.002670 0.019518 
635.714286 1.570796 0.010755 0.009955 0.009038 0.007975 0.007070 0.006473 0.007949 0.006747 0.005881 0.005321 0.005624 0.005279 0.004495 0.003917 0.003554 0.003578 0.003091 0.002628 0.002822 0.002405 0.002856 0.020565 
696.428571 1.570796 0.010754 0.009695 0.008867 0.008029 0.007371 0.006528 0.007944 0.006709 0.006121 0.005317 0.005947 0.004912 0.004515 0.004072 0.003648 0.003604 0.003167 0.002631 0.002862 0.002553 0.002782 0.020941 
757.142857 1.570796 0.010508 0.009672 0.008974 0.008017 0.007147 0.006299 0.007885 0.006978 0.005910 0.005428 0.005773 0.005057 0.004594 0.004021 0.003596 0.003748 0.003345 0.002807 0.002733 0.002515 0.002801 0.021826 
817.857143 1.570796 0.010288 0.009761 0.008699 0.007961 0.007115 0.006458 0.007640 0.006817 0.005965 0.005277 0.005867 0.005289 0.004331 0.003957 0.003520 0.003696 0.003187 0.002830 0.002986 0.002584 0.002738 0.022114 
878.571429 1.570796 0.010324 0.009733 0.008721 0.008027 0.007085 0.006450 0.007681 0.006650 0.005805 0.005199 0.005971 0.004961 0.004552 0.003925 0.003363 0.003624 0.003311 0.002894 0.002992 0.002558 0.002910 0.022086 
939.285714 1.570796 0.010171 0.009470 0.008560 0.007700 0.006776 0.006510 0.007636 0.006485 0.005994 0.005285 0.005640 0.004988 0.004664 0.003932 0.003595 0.003646 0.003245 0.002872 0.002962 0.002613 0.002916 0.022635 
1000.000000 1.570796 0.010140 0.009433 0.008479 0.007892 0.007050 0.006322 0.007581 0.006503 0.005924 0.005314 0.005888 0.004980 0.004451 0.003986 0.003547 0.003852 0.003319 0.002968 0.003054 0.002691 0.002850 0.023166 
1.000000 1.795196 0.011794 0.010651 0.009799 0.008655 0.007718 0.006867 0.007705 0.006827 0.005567 0.005017 0.005412 0.004486 0.003832 0.003242 0.002862 0.002870 0.002554 0.002133 0.002078 0.001788 0.001935 0.013110 
50.666667 1.795196 0.011844 0.010727 0.009619 0.008617 0.007562 0.006748 0.008005 0.006760 0.005851 0.005024 0.005535 0.004510 0.003849 0.003316 0.002841 0.002871 0.002532 0.002163 0.002166 0.001823 0.001987 0.013561 
100.333333 1.795196 0.011934 0.010678 0.009550 0.008436 0.007657 0.006904 0.008094 0.006698 0.005818 0.005135 0.005353 0.004703 0.004038 0.003352 0.003010 0.003052 0.002568 0.002168 0.002217 0.001915 0.001997 0.013881 
150.000000 1.795196 0.011845 0.010620 0.009387 0.008746 0.007748 0.006837 0.007999 0.006664 0.006111 0.005290 0.005708 0.004743 0.004069 0.003419 0.003124 0.003047 0.002675 0.002353 0.002359 0.001832 0.002150 0.014488 
210.714286 1.795196 0.011700 0.010463 0.009802 0.008517 0.007518 0.006729 0.007743 0.006989 0.006096 0.005290 0.005742 0.004960 0.004188 0.003663 0.003106 0.003189 0.002799 0.002439 0.002364 0.002059 0.002236 0.015037 
271.428571 1.795196 0.011813 0.010451 0.009603 0.008707 0.007543 0.006934 0.008136 0.007168 0.005976 0.005289 0.005767 0.004993 0.004248 0.003653 0.003193 0.003243 0.002781 0.002574 0.002439 0.002176 0.002283 0.015967 
332.142857 1.795196 0.011475 0.010489 0.009328 0.008543 0.007715 0.006755 0.007928 0.007233 0.006261 0.005365 0.005841 0.005096 0.004286 0.003945 0.003294 0.003387 0.002927 0.002567 0.002633 0.002258 0.002372 0.016499 
392.857143 1.795196 0.011328 0.010313 0.009592 0.008555 0.007692 0.006622 0.007955 0.007012 0.006191 0.005476 0.005910 0.005045 0.004401 0.003765 0.003357 0.003516 0.002932 0.002484 0.002635 0.002346 0.002372 0.017529 
453.571429 1.795196 0.011721 0.010818 0.009407 0.008520 0.007664 0.007098 0.007828 0.007072 0.006108 0.005289 0.005857 0.004968 0.004225 0.003566 0.003238 0.003389 0.002743 0.002375 0.002482 0.001964 0.002241 0.015491 
514.285714 1.795196 0.011072 0.010240 0.009158 0.008355 0.007497 0.006718 0.007840 0.006700 0.006044 0.005450 0.005891 0.005035 0.004400 0.003889 0.003317 0.003534 0.003072 0.002733 0.002703 0.002241 0.002494 0.018599 
575.000000 1.795196 0.010976 0.010078 0.009039 0.008152 0.007237 0.006752 0.007947 0.006898 0.006124 0.005296 0.005934 0.005029 0.004477 0.003867 0.003412 0.003609 0.003115 0.002662 0.002652 0.002499 0.002658 0.019814 
635.714286 1.795196 0.010843 0.009963 0.009281 0.008159 0.007024 0.006479 0.007814 0.006675 0.005893 0.005271 0.005867 0.005121 0.004365 0.004058 0.003442 0.003646 0.003153 0.002826 0.002856 0.002515 0.002718 0.020234 
696.428571 1.795196 0.010625 0.009940 0.009067 0.008223 0.007265 0.006712 0.007678 0.006716 0.005986 0.005232 0.005760 0.005164 0.004432 0.004038 0.003508 0.003651 0.003117 0.002923 0.003047 0.002412 0.002686 0.020631 
757.142857 1.795196 0.010495 0.009731 0.008825 0.008047 0.007215 0.006573 0.007494 0.006756 0.005930 0.005399 0.005661 0.005054 0.004559 0.004078 0.003560 0.003851 0.003278 0.002869 0.002883 0.002590 0.002768 0.021484 
817.857143 1.795196 0.010894 0.009513 0.008775 0.007901 0.007098 0.006747 0.007705 0.006753 0.005991 0.005562 0.005807 0.004941 0.004568 0.003979 0.003668 0.003786 0.003183 0.002918 0.003045 0.002576 0.002684 0.021395 
878.571429 1.795196 0.010708 0.009489 0.008641 0.007890 0.007176 0.006400 0.007777 0.006683 0.005921 0.005274 0.005935 0.005083 0.004286 0.003961 0.003464 0.003724 0.003205 0.002846 0.002923 0.002580 0.002898 0.021696 
939.285714 1.795196 0.010393 0.009615 0.008667 0.007627 0.007326 0.006446 0.007611 0.006578 0.005977 0.005240 0.005777 0.004789 0.004315 0.003953 0.003506 0.003622 0.003341 0.002830 0.002940 0.002616 0.002712 0.021974 
1000.000000 1.795196 0.010217 0.009538 0.008682 0.007836 0.006985 0.006490 0.007752 0.006690 0.005890 0.005337 0.005684 0.005014 0.004421 0.003942 0.003435 0.003718 0.003275 0.002748 0.002848 0.002706 0.002774 0.022575 
1.000000 2.019595 0.011858 0.010715 0.009779 0.008588 0.007714 0.006930 0.007667 0.006861 0.005553 0.004997 0.005404 0.004482 0.003828 0.003244 0.002851 0.002836 0.002556 0.002150 0.002023 0.001779 0.001916 0.013090 
50.666667 2.019595 0.011879 0.010698 0.009629 0.008579 0.007509 0.006716 0.008024 0.006779 0.005921 0.005053 0.005483 0.004481 0.003880 0.003299 0.002843 0.002861 0.002556 0.002168 0.002171 0.001833 0.001992 0.013512 
100.333333 2.019595 0.012025 0.010708 0.009585 0.008408 0.007649 0.006944 0.008077 0.006697 0.005858 0.005166 0.005321 0.004722 0.004030 0.003371 0.003002 0.003049 0.002575 0.002190 0.002185 0.001914 0.001981 0.013921 
150.000000 2.019595 0.011777 0.010987 0.009633 0.008571 0.007843 0.006849 0.007895 0.006905 0.006065 0.005077 0.005515 0.004578 0.003963 0.003522 0.003074 0.003037 0.002649 0.002267 0.002209 0.002094 0.002148 0.014213 
210.714286 2.019595 0.012038 0.010792 0.009466 0.008330 0.007659 0.006571 0.008105 0.007025 0.005972 0.005135 0.005666 0.004850 0.004279 0.003668 0.003095 0.003344 0.002624 0.002353 0.002399 0.002091 0.002230 0.015078 
271.428571 2.019595 0.011631 0.010610 0.009589 0.008351 0.007633 0.006693 0.008035 0.006867 0.005917 0.005392 0.005643 0.004755 0.004225 0.003644 0.003260 0.003340 0.002896 0.002480 0.002486 0.002120 0.002357 0.015628 
332.142857 2.019595 0.011683 0.010532 0.009562 0.008582 0.007702 0.006820 0.008057 0.006880 0.005771 0.005440 0.005906 0.004855 0.004454 0.003716 0.003144 0.003315 0.002822 0.002310 0.002491 0.002083 0.002340 0.016257 
392.857143 2.019595 0.011380 0.010503 0.009525 0.008539 0.007529 0.007041 0.007892 0.006886 0.006049 0.005057 0.005792 0.005006 0.004336 0.003733 0.003217 0.003396 0.002870 0.002695 0.002502 0.002251 0.002424 0.017192 
453.571429 2.019595 0.011584 0.010389 0.009338 0.008422 0.007593 0.006578 0.007904 0.007017 0.006034 0.005315 0.005863 0.005072 0.004307 0.003812 0.003256 0.003615 0.002993 0.002525 0.002736 0.002244 0.002537 0.017995 
514.285714 2.019595 0.011391 0.010358 0.009222 0.008253 0.007427 0.006713 0.007974 0.006879 0.006139 0.005435 0.005732 0.005118 0.004422 0.003778 0.003282 0.003533 0.002867 0.002710 0.002722 0.002277 0.002383 0.018842 
575.000000 2.019595 0.011090 0.010280 0.009199 0.008334 0.007472 0.006714 0.007949 0.007059 0.006122 0.005195 0.005697 0.005081 0.004457 0.003869 0.003354 0.003613 0.002925 0.002670 0.002792 0.002291 0.002584 0.018671 
635.714286 2.019595 0.010819 0.009905 0.009132 0.008372 0.007542 0.006709 0.008031 0.006992 0.006078 0.005480 0.005815 0.005027 0.004647 0.003865 0.003217 0.003518 0.003173 0.002804 0.002708 0.002341 0.002555 0.019013 
696.428571 2.019595 0.010793 0.010039 0.009029 0.008089 0.007297 0.006623 0.007581 0.006934 0.006214 0.005584 0.005747 0.005223 0.004499 0.003828 0.003519 0.003529 0.003246 0.002763 0.002707 0.002412 0.002633 0.019806 
757.142857 2.019595 0.010716 0.009930 0.008897 0.008033 0.007042 0.006715 0.007762 0.006920 0.005939 0.005248 0.006052 0.005051 0.004502 0.003980 0.003471 0.003635 0.003268 0.002819 0.002759 0.002490 0.002665 0.020399 
817.857143 2.019595 0.010841 0.009978 0.008789 0.008382 0.007151 0.006404 0.007733 0.006692 0.005899 0.005428 0.005670 0.005017 0.004452 0.003902 0.003447 0.003512 0.003117 0.002924 0.002840 0.002541 0.002886 0.021134 
878.571429 2.019595 0.010569 0.009842 0.008807 0.008058 0.007120 0.006689 0.007735 0.006813 0.006061 0.005378 0.005783 0.005061 0.004364 0.003967 0.003436 0.003690 0.003165 0.002742 0.002800 0.002598 0.002646 0.021259 
939.285714 2.019595 0.010408 0.009625 0.008837 0.008120 0.007304 0.006757 0.007639 0.006727 0.005803 0.005320 0.005821 0.005108 0.004413 0.004052 0.003693 0.003653 0.003244 0.002824 0.002986 0.002361 0.002673 0.021340 
1000.000000 2.019595 0.010557 0.009652 0.008766 0.007978 0.007056 0.006523 0.007714 0.006834 0.006145 0.005195 0.005732 0.005022 0.004549 0.003910 0.003477 0.003669 0.003136 0.002862 0.002856 0.002489 0.002916 0.021748 
1.000000 2.243995 0.011812 0.010757 0.009765 0.008577 0.007694 0.006913 0.007690 0.006853 0.005588 0.004990 0.005389 0.004498 0.003829 0.003275 0.002845 0.002837 0.002554 0.002140 0.002012 0.001781 0.001918 0.013056 
50.666667 2.243995 0.011884 0.010696 0.009666 0.008544 0.007520 0.006726 0.008009 0.006774 0.005946 0.005066 0.005459 0.004461 0.003874 0.003280 0.002841 0.002866 0.002555 0.002158 0.002167 0.001825 0.001992 0.013449 
100.333333 2.243995 0.012000 0.010698 0.009599 0.008428 0.007636 0.006942 0.008072 0.006699 0.005894 0.005143 0.005340 0.004713 0.004005 0.003356 0.002987 0.003039 0.002545 0.002194 0.002175 0.001896 0.001967 0.013814 
150.000000 2.243995 0.011917 0.010744 0.009664 0.008646 0.007527 0.006677 0.007976 0.006898 0.006083 0.005268 0.005508 0.004701 0.004178 0.003442 0.003009 0.003104 0.002541 0.002293 0.002177 0.001867 0.001991 0.014073 
210.714286 2.243995 0.012139 0.010678 0.009410 0.008378 0.007513 0.006906 0.008106 0.006856 0.006128 0.005220 0.005498 0.004596 0.004063 0.003584 0.003044 0.003118 0.002632 0.002219 0.002209 0.001908 0.002042 0.014050 
271.428571 2.243995 0.011812 0.010864 0.010066 0.008686 0.007918 0.006769 0.007871 0.006886 0.006105 0.005338 0.005707 0.004735 0.003954 0.003361 0.003197 0.003123 0.002503 0.002446 0.002259 0.001964 0.002031 0.014791 
332.142857 2.243995 0.011650 0.010898 0.009516 0.008369 0.007572 0.006887 0.007977 0.006828 0.006055 0.005207 0.005739 0.004896 0.004112 0.003584 0.003164 0.003226 0.002750 0.002354 0.002543 0.002045 0.002266 0.015959 
392.857143 2.243995 0.011640 0.010361 0.009393 0.008429 0.007828 0.006828 0.008304 0.006967 0.006181 0.005290 0.005800 0.005159 0.004159 0.003625 0.003213 0.003326 0.002976 0.002464 0.002428 0.002075 0.002322 0.016273 
453.571429 2.243995 0.011864 0.010569 0.009291 0.008234 0.007591 0.006835 0.008036 0.006962 0.006102 0.005223 0.005865 0.004861 0.004135 0.003694 0.003192 0.003510 0.002810 0.002509 0.002436 0.002021 0.002335 0.016404 
514.285714 2.243995 0.011553 0.010186 0.009323 0.008465 0.007323 0.006735 0.008198 0.006931 0.006030 0.005523 0.005790 0.005109 0.004307 0.003955 0.003335 0.003540 0.002908 0.002555 0.002675 0.002256 0.002436 0.017730 
575.000000 2.243995 0.011293 0.010402 0.008920 0.008386 0.007494 0.006834 0.007911 0.006938 0.006272 0.005374 0.005761 0.005105 0.004258 0.003791 0.003406 0.003490 0.002955 0.002686 0.002684 0.002283 0.002417 0.018512 
635.714286 2.243995 0.011133 0.010421 0.009204 0.008404 0.007453 0.006661 0.007916 0.006948 0.006147 0.005437 0.005682 0.005076 0.004382 0.003845 0.003347 0.003452 0.003043 0.002730 0.002619 0.002335 0.002571 0.018963 
696.428571 2.243995 0.010921 0.010379 0.009132 0.008214 0.007288 0.006632 0.007745 0.006965 0.006065 0.005387 0.006101 0.005311 0.004469 0.003928 0.003376 0.003607 0.003262 0.002803 0.002683 0.002366 0.002478 0.019165 
757.142857 2.243995 0.010938 0.010170 0.008949 0.008414 0.007303 0.006559 0.007782 0.007000 0.006192 0.005496 0.006026 0.005153 0.004271 0.003952 0.003465 0.003631 0.003086 0.002749 0.002767 0.002529 0.002611 0.019573 
817.857143 2.243995 0.010690 0.010167 0.009140 0.008339 0.007487 0.006715 0.007757 0.006799 0.005881 0.005452 0.005957 0.005176 0.004328 0.003915 0.003432 0.003630 0.003063 0.002694 0.002780 0.002556 0.002594 0.020237 
878.571429 2.243995 0.010530 0.009975 0.009057 0.007997 0.007420 0.006472 0.007736 0.007009 0.006127 0.005385 0.005983 0.005221 0.004431 0.003846 0.003559 0.003559 0.003143 0.002802 0.002700 0.002421 0.002642 0.019836 
939.285714 2.243995 0.010691 0.009951 0.008701 0.008119 0.007254 0.006712 0.007891 0.006837 0.005857 0.005215 0.005937 0.005291 0.004458 0.003856 0.003453 0.003538 0.003213 0.002860 0.002758 0.002475 0.002666 0.020758 
1000.000000 2.243995 0.010532 0.009997 0.008861 0.008216 0.007454 0.006344 0.007621 0.006911 0.006054 0.005452 0.005657 0.005074 0.004633 0.003733 0.003409 0.003605 0.003244 0.002825 0.002874 0.002441 0.002657 0.021066 
1.000000 2.468394 0.011712 0.010788 0.009755 0.008593 0.007667 0.006855 0.007744 0.006823 0.005647 0.004989 0.005371 0.004524 0.003832 0.003319 0.002842 0.002855 0.002550 0.002117 0.002023 0.001788 0.001929 0.013015 
50.666667 2.468394 0.011876 0.010707 0.009715 0.008510 0.007561 0.006757 0.007977 0.006758 0.005948 0.005071 0.005451 0.004445 0.003849 0.003262 0.002838 0.002878 0.002540 0.002141 0.002160 0.001808 0.001990 0.013379 
100.333333 2.468394 0.011916 0.010669 0.009603 0.008473 0.007620 0.006917 0.008074 0.006702 0.005927 0.005092 0.005384 0.004689 0.003971 0.003322 0.002970 0.003025 0.002497 0.002189 0.002176 0.001870 0.001956 0.013634 
150.000000 2.468394 0.011648 0.010660 0.009811 0.008571 0.007702 0.006700 0.007833 0.006779 0.005648 0.005143 0.005374 0.004807 0.003847 0.003382 0.002779 0.002938 0.002614 0.002213 0.002264 0.001891 0.002028 0.013744 
210.714286 2.468394 0.011707 0.010659 0.009536 0.008468 0.007696 0.006923 0.007953 0.006819 0.006064 0.005063 0.005578 0.004598 0.004043 0.003490 0.003092 0.003248 0.002804 0.002217 0.002329 0.001885 0.002088 0.014319 
271.428571 2.468394 0.012048 0.010800 0.009713 0.008377 0.007642 0.006732 0.008056 0.006905 0.006115 0.005139 0.005752 0.004703 0.003964 0.003504 0.003074 0.003064 0.002744 0.002222 0.002371 0.001890 0.002180 0.015105 
332.142857 2.468394 0.011836 0.010943 0.009798 0.008460 0.007472 0.006820 0.008131 0.006766 0.005954 0.005322 0.005561 0.004874 0.004159 0.003749 0.003149 0.003227 0.002683 0.002356 0.002287 0.002038 0.002145 0.015664 
392.857143 2.468394 0.011718 0.010864 0.009708 0.008280 0.007768 0.006944 0.008007 0.006971 0.005946 0.005294 0.005822 0.004822 0.004247 0.003683 0.003042 0.003159 0.002747 0.002442 0.002362 0.002151 0.002334 0.015751 
453.571429 2.468394 0.011697 0.010896 0.009562 0.008727 0.007685 0.006896 0.007990 0.006866 0.006194 0.005389 0.005778 0.004982 0.004257 0.003691 0.003203 0.003282 0.002878 0.002509 0.002507 0.002132 0.002334 0.016289 
514.285714 2.468394 0.011678 0.010535 0.009339 0.008425 0.007508 0.006858 0.008055 0.007004 0.006272 0.005496 0.005819 0.004882 0.004335 0.003679 0.003380 0.003472 0.002951 0.002435 0.002642 0.002271 0.002371 0.016811 
575.000000 2.468394 0.011621 0.010550 0.009411 0.008426 0.007396 0.006847 0.008223 0.007073 0.006147 0.005445 0.005896 0.005113 0.004295 0.003737 0.003292 0.003304 0.003059 0.002534 0.002532 0.002331 0.002461 0.017459 
635.714286 2.468394 0.011150 0.010566 0.009373 0.008354 0.007486 0.006757 0.007981 0.007163 0.006112 0.005339 0.005767 0.005133 0.004355 0.003833 0.003277 0.003484 0.002967 0.002628 0.002531 0.002289 0.002347 0.017795 
696.428571 2.468394 0.010951 0.010339 0.009369 0.008198 0.007436 0.006676 0.007867 0.007156 0.006243 0.005237 0.006011 0.005115 0.004437 0.003827 0.003326 0.003553 0.002961 0.002564 0.002777 0.002314 0.002374 0.018642 
757.142857 2.468394 0.011032 0.010284 0.009267 0.008313 0.007294 0.006853 0.007928 0.006929 0.006198 0.005430 0.005783 0.004980 0.004573 0.003846 0.003491 0.003551 0.003276 0.002899 0.002727 0.002404 0.002582 0.018833 
817.857143 2.468394 0.011237 0.010127 0.009160 0.008297 0.007400 0.006681 0.007765 0.006841 0.006142 0.005605 0.005941 0.005198 0.004482 0.003969 0.003486 0.003394 0.003289 0.002572 0.002692 0.002405 0.002584 0.019433 
878.571429 2.468394 0.011194 0.010009 0.009157 0.008309 0.007255 0.006591 0.007742 0.007032 0.006132 0.005499 0.006026 0.005039 0.004472 0.003815 0.003552 0.003486 0.003163 0.002752 0.002822 0.002391 0.002558 0.019569 
939.285714 2.468394 0.010565 0.010056 0.009026 0.008172 0.007376 0.006807 0.007951 0.006927 0.006040 0.005417 0.005865 0.005144 0.004511 0.003922 0.003377 0.003633 0.003180 0.002739 0.002765 0.002359 0.002431 0.019939 
1000.000000 2.468394 0.010851 0.009845 0.008849 0.008120 0.007138 0.006575 0.007789 0.006649 0.006016 0.005323 0.005759 0.005072 0.004557 0.003962 0.003479 0.003609 0.003148 0.002757 0.002852 0.002407 0.002747 0.020090 
1.000000 2.692794 0.011611 0.010819 0.009745 0.008609 0.007640 0.006797 0.007798 0.006794 0.005707 0.004989 0.005354 0.004550 0.003834 0.003363 0.002839 0.002874 0.002546 0.002093 0.002034 0.001795 0.001940 0.012974 
50.666667 2.692794 0.011867 0.010718 0.009765 0.008475 0.007603 0.006788 0.007944 0.006742 0.005951 0.005076 0.005442 0.004429 0.003823 0.003243 0.002834 0.002891 0.002526 0.002124 0.002153 0.001791 0.001988 0.013309 
100.333333 2.692794 0.011832 0.010640 0.009608 0.008517 0.007604 0.006893 0.008076 0.006705 0.005959 0.005042 0.005428 0.004666 0.003937 0.003289 0.002953 0.003011 0.002448 0.002184 0.002176 0.001844 0.001945 0.013453 
150.000000 2.692794 0.012055 0.010691 0.009685 0.008595 0.007446 0.006803 0.007929 0.006909 0.005709 0.004998 0.005487 0.004675 0.003967 0.003281 0.002868 0.003007 0.002621 0.002253 0.002136 0.001694 0.001951 0.013646 
210.714286 2.692794 0.012094 0.010828 0.009744 0.008424 0.007739 0.007007 0.008107 0.006687 0.005852 0.005283 0.005657 0.004748 0.003851 0.003344 0.003035 0.003055 0.002612 0.002077 0.002198 0.001846 0.002164 0.013735 
271.428571 2.692794 0.011902 0.010718 0.009588 0.008597 0.007696 0.006760 0.007817 0.006949 0.005893 0.005087 0.005562 0.004722 0.004002 0.003630 0.003047 0.003095 0.002557 0.002287 0.002285 0.001847 0.002169 0.014364 
332.142857 2.692794 0.011985 0.010970 0.009699 0.008614 0.007754 0.006841 0.008145 0.006831 0.005983 0.005178 0.005463 0.004979 0.004024 0.003500 0.003060 0.003158 0.002759 0.002351 0.002379 0.002047 0.002168 0.014631 
392.857143 2.692794 0.011217 0.010341 0.009672 0.008698 0.007437 0.006815 0.007955 0.006979 0.006075 0.005584 0.005868 0.004921 0.004316 0.003824 0.003212 0.003452 0.002803 0.002449 0.002492 0.002205 0.002442 0.016684 
453.571429 2.692794 0.011655 0.010635 0.009461 0.008722 0.007722 0.006573 0.008023 0.007057 0.006059 0.005355 0.005620 0.004971 0.004196 0.003724 0.003162 0.003120 0.002811 0.002347 0.002373 0.002056 0.002251 0.016110 
514.285714 2.692794 0.011890 0.010632 0.009611 0.008688 0.007597 0.006790 0.008024 0.007015 0.006020 0.005282 0.005908 0.005085 0.004353 0.003914 0.003268 0.003290 0.002969 0.002510 0.002469 0.002175 0.002325 0.016486 
575.000000 2.692794 0.011410 0.010529 0.009333 0.008370 0.007706 0.006821 0.008041 0.007034 0.006282 0.005343 0.005923 0.004931 0.004334 0.003688 0.003174 0.003377 0.003060 0.002566 0.002618 0.002062 0.002404 0.016765 
635.714286 2.692794 0.011316 0.010644 0.009355 0.008665 0.007521 0.006737 0.008197 0.006936 0.006252 0.005516 0.005881 0.004976 0.004469 0.003799 0.003263 0.003297 0.002982 0.002668 0.002704 0.002146 0.002467 0.017492 
696.428571 2.692794 0.010925 0.010198 0.009354 0.008652 0.007687 0.006815 0.008137 0.006967 0.006436 0.005427 0.005782 0.005090 0.004354 0.003925 0.003283 0.003552 0.002988 0.002651 0.002575 0.002232 0.002509 0.017914 
757.142857 2.692794 0.011203 0.010299 0.009398 0.008336 0.007534 0.006758 0.008095 0.007008 0.006260 0.005468 0.005909 0.005131 0.004522 0.003796 0.003431 0.003555 0.003098 0.002900 0.002625 0.002426 0.002418 0.018548 
817.857143 2.692794 0.011132 0.010183 0.009327 0.008315 0.007481 0.006759 0.007976 0.006942 0.006186 0.005489 0.005916 0.005050 0.004554 0.003967 0.003422 0.003670 0.003081 0.002648 0.002774 0.002414 0.002550 0.018645 
878.571429 2.692794 0.011027 0.010054 0.009231 0.008098 0.007409 0.006791 0.007870 0.007156 0.006003 0.005422 0.006176 0.005003 0.004296 0.003748 0.003536 0.003592 0.003133 0.002740 0.002818 0.002297 0.002590 0.019075 
939.285714 2.692794 0.010942 0.009897 0.009011 0.008190 0.007312 0.006698 0.007889 0.006971 0.006266 0.005448 0.005907 0.005023 0.004544 0.003963 0.003492 0.003716 0.003189 0.002752 0.002884 0.002367 0.002682 0.019616 
1000.000000 2.692794 0.010728 0.010079 0.008938 0.008183 0.007363 0.006696 0.007772 0.006984 0.006083 0.005257 0.005954 0.005413 0.004477 0.003964 0.003413 0.003682 0.003191 0.002585 0.002802 0.002437 0.002645 0.019979 
1.000000 2.917193 0.011511 0.010851 0.009734 0.008625 0.007613 0.006740 0.007852 0.006764 0.005766 0.004988 0.005336 0.004575 0.003837 0.003408 0.002836 0.002893 0.002541 0.002070 0.002045 0.001803 0.001952 0.012933 
50.666667 2.917193 0.011859 0.010730 0.009814 0.008441 0.007644 0.006819 0.007912 0.006725 0.005953 0.005082 0.005434 0.004414 0.003798 0.003224 0.002830 0.002903 0.002512 0.002106 0.002145 0.001774 0.001987 0.013239 
100.333333 2.917193 0.011748 0.010610 0.009612 0.008561 0.007589 0.006868 0.008078 0.006708 0.005992 0.004992 0.005472 0.004642 0.003904 0.003255 0.002935 0.002998 0.002400 0.002180 0.002177 0.001819 0.001933 0.013272 
150.000000 2.917193 0.011968 0.010779 0.009561 0.008756 0.007633 0.006599 0.007766 0.006677 0.005734 0.005013 0.005428 0.004687 0.003818 0.003339 0.002783 0.002983 0.002457 0.002214 0.002153 0.001829 0.001990 0.013258 
210.714286 2.917193 0.011993 0.010738 0.009493 0.008483 0.007554 0.006929 0.007878 0.006774 0.005865 0.005020 0.005396 0.004648 0.003912 0.003459 0.002950 0.003093 0.002580 0.002192 0.002184 0.001955 0.001967 0.013610 
271.428571 2.917193 0.011875 0.010896 0.009493 0.008505 0.007640 0.006790 0.007950 0.007051 0.006010 0.005122 0.005596 0.004704 0.004038 0.003489 0.003053 0.003093 0.002593 0.002215 0.002265 0.001887 0.002064 0.014354 
332.142857 2.917193 0.011780 0.010642 0.010138 0.008477 0.007620 0.006740 0.007945 0.006895 0.006182 0.005257 0.005925 0.004897 0.004114 0.003624 0.003062 0.003036 0.002795 0.002275 0.002162 0.001829 0.002219 0.014691 
392.857143 2.917193 0.011588 0.010877 0.009791 0.008504 0.007823 0.006696 0.007905 0.006919 0.006016 0.005299 0.005701 0.004883 0.004249 0.003606 0.003028 0.003293 0.002877 0.002399 0.002231 0.001920 0.002255 0.015043 
453.571429 2.917193 0.011715 0.010852 0.009505 0.008395 0.007719 0.007008 0.008040 0.006914 0.006099 0.005294 0.005636 0.004977 0.004317 0.003613 0.003213 0.003312 0.002856 0.002402 0.002370 0.002069 0.002266 0.015889 
514.285714 2.917193 0.011620 0.010874 0.009563 0.008381 0.007576 0.006924 0.008188 0.007251 0.006161 0.005302 0.005780 0.004684 0.004459 0.003663 0.003153 0.003376 0.002932 0.002366 0.002473 0.001981 0.002336 0.016232 
575.000000 2.917193 0.011381 0.010673 0.009678 0.008649 0.007365 0.006794 0.008067 0.006994 0.006152 0.005584 0.005847 0.004944 0.004417 0.003685 0.003390 0.003374 0.003051 0.002571 0.002471 0.002178 0.002423 0.016806 
635.714286 2.917193 0.011312 0.010606 0.009221 0.008509 0.007633 0.006837 0.008160 0.006923 0.006274 0.005456 0.005929 0.005003 0.004319 0.003890 0.003248 0.003300 0.003024 0.002596 0.002562 0.002189 0.002452 0.017213 
696.428571 2.917193 0.011253 0.010201 0.009635 0.008536 0.007494 0.006924 0.008063 0.007169 0.006086 0.005575 0.006094 0.004905 0.004446 0.003940 0.003345 0.003577 0.003170 0.002679 0.002779 0.002232 0.002607 0.017249 
757.142857 2.917193 0.011201 0.009988 0.009294 0.008492 0.007702 0.006785 0.008033 0.006950 0.006110 0.005410 0.005815 0.005171 0.004301 0.003916 0.003321 0.003517 0.003008 0.002653 0.002561 0.002196 0.002543 0.018239 
817.857143 2.917193 0.011290 0.010418 0.009203 0.008203 0.007425 0.006924 0.008052 0.007142 0.006102 0.005394 0.006030 0.005027 0.004398 0.003903 0.003406 0.003450 0.002939 0.002654 0.002788 0.002207 0.002506 0.018352 
878.571429 2.917193 0.011029 0.010394 0.009245 0.008109 0.007498 0.006880 0.008001 0.006939 0.006029 0.005487 0.005974 0.005059 0.004519 0.003776 0.003495 0.003497 0.003251 0.002720 0.002774 0.002435 0.002605 0.018781 
939.285714 2.917193 0.010688 0.009880 0.009381 0.008033 0.007399 0.006820 0.008087 0.006832 0.006151 0.005419 0.005906 0.005187 0.004577 0.003906 0.003441 0.003631 0.003255 0.002553 0.002740 0.002431 0.002756 0.019376 
1000.000000 2.917193 0.010858 0.009950 0.009075 0.008233 0.007279 0.006544 0.008109 0.006786 0.006057 0.005304 0.005979 0.005071 0.004566 0.004011 0.003420 0.003623 0.003158 0.002697 0.002651 0.002386 0.002589 0.019590 
1.000000 3.141593 0.011410 0.010882 0.009724 0.008641 0.007586 0.006682 0.007906 0.006734 0.005826 0.004988 0.005318 0.004601 0.003840 0.003452 0.002833 0.002912 0.002537 0.002046 0.002056 0.001810 0.001963 0.012892 
50.666667 3.141593 0.011850 0.010741 0.009864 0.008406 0.007686 0.006850 0.007879 0.006709 0.005956 0.005087 0.005425 0.004398 0.003772 0.003205 0.002826 0.002915 0.002498 0.002089 0.002138 0.001757 0.001985 0.013169 
100.333333 3.141593 0.011664 0.010581 0.009617 0.008605 0.007573 0.006844 0.008080 0.006711 0.006025 0.004942 0.005516 0.004618 0.003870 0.003222 0.002918 0.002984 0.002352 0.002175 0.002177 0.001793 0.001922 0.013091 
150.000000 3.141593 0.011868 0.010771 0.009620 0.008448 0.007515 0.006774 0.007925 0.006975 0.005782 0.004947 0.005404 0.004615 0.003846 0.003385 0.002799 0.002884 0.002465 0.002184 0.002089 0.001843 0.002117 0.013138 
210.714286 3.141593 0.011858 0.010686 0.009694 0.008463 0.007729 0.007049 0.007785 0.006790 0.005734 0.005030 0.005306 0.004537 0.004073 0.003268 0.002870 0.003133 0.002518 0.002228 0.002230 0.001959 0.002076 0.013676 
271.428571 3.141593 0.011934 0.010978 0.009709 0.008529 0.007651 0.006708 0.008019 0.007009 0.005733 0.005194 0.005677 0.004631 0.003960 0.003393 0.002969 0.003142 0.002698 0.002267 0.002274 0.001920 0.001962 0.014262 
332.142857 3.141593 0.012004 0.010852 0.009775 0.008951 0.007735 0.006885 0.007811 0.006837 0.005854 0.005326 0.005601 0.004799 0.004248 0.003489 0.002980 0.003063 0.002675 0.002347 0.002305 0.001899 0.002150 0.014606 
392.857143 3.141593 0.011911 0.010628 0.009486 0.008576 0.007713 0.006765 0.008124 0.007140 0.006056 0.005173 0.005823 0.004697 0.004155 0.003357 0.003151 0.003299 0.002817 0.002381 0.002432 0.002034 0.002189 0.014939 
453.571429 3.141593 0.011701 0.010755 0.009698 0.008604 0.007742 0.006877 0.007976 0.007039 0.006048 0.005237 0.005789 0.005039 0.004372 0.003638 0.003156 0.003383 0.002751 0.002458 0.002458 0.002197 0.002332 0.015768 
514.285714 3.141593 0.011447 0.010701 0.009627 0.008564 0.007783 0.006754 0.008078 0.006991 0.006192 0.005351 0.005907 0.004894 0.004302 0.003704 0.003132 0.003465 0.002891 0.002386 0.002520 0.002017 0.002293 0.016233 
575.000000 3.141593 0.011723 0.010461 0.009643 0.008551 0.007679 0.006802 0.008014 0.007003 0.006054 0.005418 0.005809 0.005123 0.004465 0.003743 0.003294 0.003308 0.002973 0.002487 0.002491 0.002273 0.002453 0.016501 
635.714286 3.141593 0.011768 0.010263 0.009479 0.008538 0.007457 0.006895 0.007992 0.007096 0.006185 0.005481 0.005753 0.005162 0.004395 0.003731 0.003370 0.003454 0.002989 0.002586 0.002465 0.002229 0.002554 0.017156 
696.428571 3.141593 0.011243 0.010310 0.009346 0.008351 0.007509 0.006590 0.007984 0.006927 0.005992 0.005459 0.006049 0.005102 0.004350 0.003909 0.003363 0.003449 0.002862 0.002589 0.002707 0.002328 0.002427 0.017699 
757.142857 3.141593 0.011367 0.010437 0.009084 0.008318 0.007425 0.006657 0.008027 0.006964 0.006258 0.005514 0.005795 0.005127 0.004568 0.003936 0.003351 0.003661 0.002867 0.002611 0.002641 0.002404 0.002478 0.018031 
817.857143 3.141593 0.010275 0.009520 0.008728 0.008039 0.006977 0.006295 0.007792 0.006639 0.005901 0.005246 0.005781 0.005099 0.004304 0.004083 0.003432 0.003579 0.003148 0.002854 0.002940 0.002630 0.002957 0.022030 
878.571429 3.141593 0.010897 0.010210 0.009110 0.008133 0.007572 0.006867 0.007867 0.007067 0.006065 0.005390 0.006015 0.005163 0.004305 0.003806 0.003502 0.003590 0.002950 0.002698 0.002610 0.002301 0.002610 0.018472 
939.285714 3.141593 0.011183 0.010163 0.009123 0.008071 0.007317 0.006678 0.007780 0.006672 0.005946 0.005347 0.006107 0.005053 0.004517 0.003946 0.003433 0.003557 0.003313 0.002850 0.002672 0.002465 0.002629 0.019561 
1000.000000 3.141593 0.010946 0.010077 0.009042 0.008365 0.007449 0.006621 0.007916 0.006768 0.006351 0.005201 0.006044 0.005177 0.004535 0.003870 0.003539 0.003687 0.003277 0.002615 0.002770 0.002509 0.002693 0.019472 
