1.000000 0.000000 0.427456 
50.666667 0.000000 0.427254 
100.333333 0.000000 0.423940 
150.000000 0.000000 0.411647 
210.714286 0.000000 0.389161 
271.428571 0.000000 0.363801 
332.142857 0.000000 0.332971 
392.857143 0.000000 0.303671 
453.571429 0.000000 0.273092 
514.285714 0.000000 0.244837 
575.000000 0.000000 0.217517 
635.714286 0.000000 0.192312 
696.428571 0.000000 0.170036 
757.142857 0.000000 0.149558 
817.857143 0.000000 0.130387 
878.571429 0.000000 0.113351 
939.285714 0.000000 0.098150 
1000.000000 0.000000 0.084729 
1.000000 0.224399 0.427975 
50.666667 0.224399 0.426246 
100.333333 0.224399 0.418970 
150.000000 0.224399 0.404507 
210.714286 0.224399 0.382268 
271.428571 0.224399 0.355665 
332.142857 0.224399 0.325105 
392.857143 0.224399 0.295402 
453.571429 0.224399 0.265457 
514.285714 0.224399 0.237035 
575.000000 0.224399 0.210930 
635.714286 0.224399 0.186241 
696.428571 0.224399 0.163557 
757.142857 0.224399 0.143321 
817.857143 0.224399 0.125507 
878.571429 0.224399 0.108762 
939.285714 0.224399 0.094358 
1000.000000 0.224399 0.081447 
1.000000 0.448799 0.428494 
50.666667 0.448799 0.425238 
100.333333 0.448799 0.414000 
150.000000 0.448799 0.399331 
210.714286 0.448799 0.375151 
271.428571 0.448799 0.344979 
332.142857 0.448799 0.312157 
392.857143 0.448799 0.282485 
453.571429 0.448799 0.251213 
514.285714 0.448799 0.224754 
575.000000 0.448799 0.197679 
635.714286 0.448799 0.174334 
696.428571 0.448799 0.153064 
757.142857 0.448799 0.133394 
817.857143 0.448799 0.115999 
878.571429 0.448799 0.100897 
939.285714 0.448799 0.087394 
1000.000000 0.448799 0.075367 
1.000000 0.673198 0.429012 
50.666667 0.673198 0.424229 
100.333333 0.673198 0.409030 
150.000000 0.673198 0.387990 
210.714286 0.673198 0.339540 
271.428571 0.673198 0.324328 
332.142857 0.673198 0.291885 
392.857143 0.673198 0.260517 
453.571429 0.673198 0.230324 
514.285714 0.673198 0.202887 
575.000000 0.673198 0.178158 
635.714286 0.673198 0.155172 
696.428571 0.673198 0.135251 
757.142857 0.673198 0.117986 
817.857143 0.673198 0.101710 
878.571429 0.673198 0.087779 
939.285714 0.673198 0.075574 
1000.000000 0.673198 0.064616 
1.000000 0.897598 0.429531 
50.666667 0.897598 0.423221 
100.333333 0.897598 0.404060 
150.000000 0.897598 0.374840 
210.714286 0.897598 0.356145 
271.428571 0.897598 0.324482 
332.142857 0.897598 0.291535 
392.857143 0.897598 0.236506 
453.571429 0.897598 0.206373 
514.285714 0.897598 0.179587 
575.000000 0.897598 0.155993 
635.714286 0.897598 0.135174 
696.428571 0.897598 0.116396 
757.142857 0.897598 0.099918 
817.857143 0.897598 0.085295 
878.571429 0.897598 0.073014 
939.285714 0.897598 0.062421 
1000.000000 0.897598 0.053225 
1.000000 1.121997 0.429816 
50.666667 1.121997 0.422705 
100.333333 1.121997 0.400731 
150.000000 1.121997 0.365625 
210.714286 1.121997 0.326210 
271.428571 1.121997 0.286926 
332.142857 1.121997 0.250283 
392.857143 1.121997 0.217252 
453.571429 1.121997 0.186056 
514.285714 1.121997 0.224254 
575.000000 1.121997 0.136529 
635.714286 1.121997 0.173932 
696.428571 1.121997 0.098911 
757.142857 1.121997 0.084158 
817.857143 1.121997 0.071248 
878.571429 1.121997 0.060281 
939.285714 1.121997 0.050744 
1000.000000 1.121997 0.042987 
1.000000 1.346397 0.429633 
50.666667 1.346397 0.423174 
100.333333 1.346397 0.400681 
150.000000 1.346397 0.355142 
210.714286 1.346397 0.313210 
271.428571 1.346397 0.271801 
332.142857 1.346397 0.234026 
392.857143 1.346397 0.200074 
453.571429 1.346397 0.170253 
514.285714 1.346397 0.144859 
575.000000 1.346397 0.122362 
635.714286 1.346397 0.102952 
696.428571 1.346397 0.086768 
757.142857 1.346397 0.143432 
817.857143 1.346397 0.061025 
878.571429 1.346397 0.051174 
939.285714 1.346397 0.042677 
1000.000000 1.346397 0.035551 
1.000000 1.570796 0.429451 
50.666667 1.570796 0.423643 
100.333333 1.570796 0.400632 
150.000000 1.570796 0.357179 
210.714286 1.570796 0.313960 
271.428571 1.570796 0.272336 
332.142857 1.570796 0.231619 
392.857143 1.570796 0.197473 
453.571429 1.570796 0.167643 
514.285714 1.570796 0.141036 
575.000000 1.570796 0.118810 
635.714286 1.570796 0.100370 
696.428571 1.570796 0.083182 
757.142857 1.570796 0.069666 
817.857143 1.570796 0.058104 
878.571429 1.570796 0.048392 
939.285714 1.570796 0.040191 
1000.000000 1.570796 0.033186 
1.000000 1.795196 0.429268 
50.666667 1.795196 0.424113 
100.333333 1.795196 0.400582 
150.000000 1.795196 0.356967 
210.714286 1.795196 0.312356 
271.428571 1.795196 0.272694 
332.142857 1.795196 0.234601 
392.857143 1.795196 0.201125 
453.571429 1.795196 0.264266 
514.285714 1.795196 0.144507 
575.000000 1.795196 0.122282 
635.714286 1.795196 0.102808 
696.428571 1.795196 0.086737 
757.142857 1.795196 0.072630 
817.857143 1.795196 0.060999 
878.571429 1.795196 0.051182 
939.285714 1.795196 0.042667 
1000.000000 1.795196 0.035535 
1.000000 2.019595 0.429085 
50.666667 2.019595 0.424582 
100.333333 2.019595 0.400533 
150.000000 2.019595 0.365308 
210.714286 2.019595 0.325374 
271.428571 2.019595 0.286837 
332.142857 2.019595 0.249740 
392.857143 2.019595 0.215832 
453.571429 2.019595 0.186151 
514.285714 2.019595 0.160005 
575.000000 2.019595 0.136592 
635.714286 2.019595 0.116331 
696.428571 2.019595 0.098563 
757.142857 2.019595 0.084276 
817.857143 2.019595 0.071023 
878.571429 2.019595 0.060071 
939.285714 2.019595 0.050971 
1000.000000 2.019595 0.042829 
1.000000 2.243995 0.428761 
50.666667 2.243995 0.425223 
100.333333 2.243995 0.403851 
150.000000 2.243995 0.375367 
210.714286 2.243995 0.356511 
271.428571 2.243995 0.322913 
332.142857 2.243995 0.268369 
392.857143 2.243995 0.235580 
453.571429 2.243995 0.230062 
514.285714 2.243995 0.179357 
575.000000 2.243995 0.155745 
635.714286 2.243995 0.134574 
696.428571 2.243995 0.116113 
757.142857 2.243995 0.099665 
817.857143 2.243995 0.085416 
878.571429 2.243995 0.073243 
939.285714 2.243995 0.062181 
1000.000000 2.243995 0.053114 
1.000000 2.468394 0.428367 
50.666667 2.468394 0.425951 
100.333333 2.468394 0.408855 
150.000000 2.468394 0.387661 
210.714286 2.468394 0.357243 
271.428571 2.468394 0.323409 
332.142857 2.468394 0.292669 
392.857143 2.468394 0.259773 
453.571429 2.468394 0.230364 
514.285714 2.468394 0.203098 
575.000000 2.468394 0.178375 
635.714286 2.468394 0.156832 
696.428571 2.468394 0.135474 
757.142857 2.468394 0.117459 
817.857143 2.468394 0.101781 
878.571429 2.468394 0.087640 
939.285714 2.468394 0.075179 
1000.000000 2.468394 0.064796 
1.000000 2.692794 0.427973 
50.666667 2.692794 0.426679 
100.333333 2.692794 0.413858 
150.000000 2.692794 0.399136 
210.714286 2.692794 0.371699 
271.428571 2.692794 0.344580 
332.142857 2.692794 0.312621 
392.857143 2.692794 0.216095 
453.571429 2.692794 0.251972 
514.285714 2.692794 0.224073 
575.000000 2.692794 0.198196 
635.714286 2.692794 0.174233 
696.428571 2.692794 0.152775 
757.142857 2.692794 0.133413 
817.857143 2.692794 0.116474 
878.571429 2.692794 0.100922 
939.285714 2.692794 0.087307 
1000.000000 2.692794 0.075496 
1.000000 2.917193 0.427579 
50.666667 2.917193 0.427407 
100.333333 2.917193 0.418861 
150.000000 2.917193 0.405305 
210.714286 2.917193 0.382858 
271.428571 2.917193 0.354532 
332.142857 2.917193 0.324726 
392.857143 2.917193 0.294944 
453.571429 2.917193 0.265137 
514.285714 2.917193 0.236833 
575.000000 2.917193 0.209935 
635.714286 2.917193 0.186481 
696.428571 2.917193 0.163642 
757.142857 2.917193 0.142959 
817.857143 2.917193 0.125789 
878.571429 2.917193 0.109180 
939.285714 2.917193 0.094332 
1000.000000 2.917193 0.081978 
1.000000 3.141593 0.427185 
50.666667 3.141593 0.428135 
100.333333 3.141593 0.423864 
150.000000 3.141593 0.410855 
210.714286 3.141593 0.389228 
271.428571 3.141593 0.364020 
332.142857 3.141593 0.333075 
392.857143 3.141593 0.303725 
453.571429 3.141593 0.273355 
514.285714 3.141593 0.245447 
575.000000 3.141593 0.216682 
635.714286 3.141593 0.192700 
696.428571 3.141593 0.169320 
757.142857 3.141593 0.148897 
817.857143 3.141593 0.058199 
878.571429 3.141593 0.113622 
939.285714 3.141593 0.098630 
1000.000000 3.141593 0.084727 
