1.000000 0.054884 0.092386 0.099062 0.090328 0.145922 0.101214 0.068464 0.047208 0.032376 0.022438 0.049994
56.50000 0.055048 0.091228 0.098452 0.090020 0.145204 0.101386 0.068966 0.047294 0.033052 0.022234 0.050666
112.0000 0.054050 0.089846 0.096240 0.090266 0.144996 0.101924 0.069856 0.047608 0.032548 0.022990 0.051606
167.5000 0.053022 0.088012 0.095502 0.089508 0.143064 0.101808 0.070064 0.048922 0.033554 0.023558 0.053472
223.0000 0.051744 0.084660 0.093734 0.087954 0.143902 0.102406 0.071026 0.049388 0.034520 0.024336 0.055006
278.5000 0.050640 0.084254 0.091436 0.086714 0.142798 0.103316 0.071820 0.049914 0.034840 0.024466 0.056962
334.0000 0.050372 0.081676 0.090388 0.086042 0.142620 0.103370 0.071670 0.050676 0.035342 0.024646 0.059120
389.5000 0.048966 0.080632 0.089458 0.085108 0.141190 0.102558 0.072258 0.051268 0.036124 0.025916 0.060728
445.0000 0.048448 0.079104 0.087950 0.084280 0.141116 0.102666 0.073214 0.051858 0.036540 0.026200 0.062716
500.5000 0.047828 0.077464 0.087160 0.083694 0.139936 0.102666 0.073230 0.052270 0.037596 0.026460 0.064722
556.0000 0.046908 0.076388 0.085806 0.082844 0.139774 0.102444 0.073444 0.052916 0.037356 0.026892 0.066448
611.5000 0.047272 0.075758 0.085174 0.081922 0.138276 0.102458 0.073546 0.053006 0.038218 0.027508 0.068230
667.0000 0.046138 0.074984 0.084850 0.081486 0.138288 0.102248 0.073706 0.053488 0.038104 0.027692 0.069568
722.5000 0.046080 0.074774 0.083558 0.081524 0.136664 0.102942 0.074038 0.053422 0.039030 0.028070 0.070740
778.0000 0.046412 0.073280 0.082986 0.081436 0.137872 0.102262 0.073848 0.053026 0.039056 0.028452 0.071560
833.5000 0.045956 0.073350 0.082452 0.079850 0.136570 0.101730 0.074158 0.054228 0.039100 0.028242 0.073302
889.0000 0.045590 0.072808 0.082180 0.080284 0.136038 0.102786 0.073990 0.054142 0.039402 0.028656 0.073852
944.5000 0.045114 0.072296 0.082568 0.079800 0.136348 0.102508 0.074902 0.053886 0.039298 0.028672 0.074558
1000.000 0.044928 0.071872 0.081988 0.079044 0.136672 0.102152 0.075032 0.054778 0.039914 0.028940 0.075358
