1.000000 0.000000 0.012005 0.010748 0.009704 0.008783 0.007640 0.006909 0.007904 0.006605 0.005824 0.005013 0.005399 0.004612 0.003863 0.003239 0.002867 0.002911 0.002531 0.002051 0.001987 0.001768 0.001880 0.013150 
50.666667 0.000000 0.011965 0.010645 0.009610 0.008624 0.007508 0.006737 0.007828 0.006966 0.006079 0.005077 0.005212 0.004664 0.003896 0.003399 0.002970 0.003032 0.002572 0.002286 0.002061 0.001994 0.001936 0.013359 
100.333333 0.000000 0.011946 0.010825 0.009434 0.008549 0.007573 0.007074 0.007963 0.007007 0.006067 0.005266 0.005685 0.004616 0.004013 0.003564 0.003057 0.003063 0.002644 0.002256 0.002151 0.001918 0.002111 0.013912 
150.000000 0.000000 0.011701 0.010410 0.009517 0.008531 0.007749 0.006846 0.008200 0.006788 0.005875 0.005259 0.005519 0.004863 0.004028 0.003596 0.003190 0.003113 0.002687 0.002351 0.002244 0.002009 0.002218 0.014575 
210.714286 0.000000 0.011730 0.010437 0.009599 0.008626 0.007858 0.006869 0.008013 0.007054 0.006085 0.005387 0.005649 0.005124 0.004115 0.003544 0.003263 0.003200 0.002768 0.002296 0.002348 0.002149 0.002284 0.015159 
271.428571 0.000000 0.011253 0.010572 0.009668 0.008603 0.007782 0.006840 0.008165 0.007039 0.006044 0.005522 0.005861 0.004865 0.004202 0.003837 0.003270 0.003411 0.002818 0.002437 0.002511 0.002141 0.002248 0.016271 
332.142857 0.000000 0.011488 0.010542 0.009333 0.008545 0.007561 0.006730 0.007971 0.007118 0.005995 0.005290 0.005901 0.005085 0.004332 0.003717 0.003256 0.003499 0.002958 0.002605 0.002673 0.002161 0.002416 0.017069 
392.857143 0.000000 0.011252 0.009975 0.009242 0.008395 0.007620 0.006907 0.008102 0.007290 0.006062 0.005604 0.005815 0.005050 0.004397 0.003747 0.003339 0.003419 0.003110 0.002668 0.002620 0.002389 0.002431 0.017558 
453.571429 0.000000 0.011427 0.010022 0.009143 0.008480 0.007627 0.006860 0.007856 0.007212 0.006158 0.005421 0.005686 0.005002 0.004351 0.003936 0.003364 0.003496 0.002953 0.002659 0.002714 0.002314 0.002515 0.018739 
514.285714 0.000000 0.011377 0.010314 0.008910 0.008100 0.007430 0.006565 0.008024 0.006680 0.006142 0.005408 0.005986 0.005225 0.004473 0.004016 0.003506 0.003667 0.003137 0.002830 0.002766 0.002275 0.002668 0.019395 
575.000000 0.000000 0.011022 0.010043 0.009361 0.008166 0.007294 0.006562 0.007763 0.006772 0.005986 0.005465 0.006000 0.005022 0.004396 0.003872 0.003584 0.003626 0.003100 0.002771 0.002906 0.002368 0.002677 0.019859 
635.714286 0.000000 0.010699 0.009748 0.009263 0.007957 0.007173 0.006497 0.007925 0.006900 0.006114 0.005259 0.005815 0.005205 0.004463 0.003833 0.003390 0.003542 0.003261 0.002836 0.002846 0.002479 0.002754 0.020415 
696.428571 0.000000 0.010784 0.009605 0.009153 0.008191 0.007246 0.006534 0.007717 0.006638 0.005953 0.005327 0.005782 0.005217 0.004517 0.003897 0.003616 0.003686 0.003257 0.002840 0.003018 0.002515 0.002894 0.020860 
757.142857 0.000000 0.010334 0.009506 0.008712 0.008317 0.007435 0.006601 0.007708 0.006787 0.005865 0.005246 0.005841 0.004857 0.004406 0.003877 0.003678 0.003640 0.003191 0.002913 0.002883 0.002516 0.002678 0.021361 
817.857143 0.000000 0.010443 0.009591 0.008825 0.007985 0.007112 0.006673 0.007783 0.006699 0.005891 0.005197 0.005869 0.005041 0.004380 0.003949 0.003480 0.003782 0.003307 0.002880 0.002962 0.002576 0.002904 0.021523 
878.571429 0.000000 0.010353 0.009574 0.008471 0.007645 0.006992 0.006513 0.007904 0.006773 0.005909 0.005340 0.005833 0.005190 0.004562 0.003967 0.003472 0.003716 0.003181 0.002850 0.002830 0.002654 0.002782 0.021968 
939.285714 0.000000 0.010371 0.009635 0.008701 0.007776 0.007070 0.006357 0.007615 0.006581 0.005852 0.005323 0.005830 0.005004 0.004447 0.003886 0.003477 0.003731 0.003204 0.002924 0.002890 0.002667 0.002852 0.022677 
1000.000000 0.000000 0.010072 0.009324 0.008568 0.007803 0.007250 0.006370 0.007548 0.006805 0.005738 0.005261 0.005522 0.004870 0.004243 0.003818 0.003431 0.003772 0.003341 0.002960 0.002964 0.002688 0.002956 0.023099 
1.000000 0.224399 0.011914 0.010802 0.009672 0.008716 0.007643 0.006885 0.007939 0.006635 0.005849 0.005010 0.005359 0.004571 0.003849 0.003229 0.002874 0.002915 0.002527 0.002075 0.001994 0.001800 0.001894 0.013184 
50.666667 0.224399 0.011944 0.010637 0.009579 0.008604 0.007544 0.006753 0.007805 0.006928 0.006019 0.005051 0.005292 0.004669 0.003919 0.003366 0.002962 0.003009 0.002559 0.002260 0.002077 0.001944 0.001951 0.013365 
100.333333 0.224399 0.011948 0.010782 0.009448 0.008584 0.007625 0.007031 0.007970 0.006962 0.006059 0.005200 0.005657 0.004591 0.004000 0.003500 0.003012 0.003050 0.002628 0.002229 0.002135 0.001879 0.002065 0.013786 
150.000000 0.224399 0.011776 0.010998 0.009676 0.008473 0.007568 0.006892 0.007950 0.007194 0.005860 0.005244 0.005604 0.004691 0.004068 0.003470 0.003192 0.003164 0.002710 0.002199 0.002106 0.001953 0.002084 0.014544 
210.714286 0.224399 0.012136 0.010740 0.009472 0.008768 0.007686 0.006852 0.007897 0.006892 0.005959 0.004996 0.005762 0.005085 0.004134 0.003635 0.003259 0.003165 0.002833 0.002314 0.002403 0.002109 0.002194 0.015125 
271.428571 0.224399 0.011455 0.010706 0.009685 0.008669 0.007602 0.006901 0.008020 0.006993 0.006073 0.005255 0.005569 0.004958 0.004211 0.003755 0.003275 0.003307 0.002955 0.002316 0.002592 0.001993 0.002316 0.016204 
332.142857 0.224399 0.011335 0.010279 0.009481 0.008542 0.007564 0.006970 0.008020 0.006968 0.006022 0.005285 0.005731 0.005160 0.004287 0.003652 0.003333 0.003311 0.002869 0.002576 0.002661 0.002201 0.002424 0.016553 
392.857143 0.224399 0.011173 0.010264 0.009736 0.008642 0.007735 0.006715 0.008010 0.007040 0.006131 0.005129 0.005960 0.005041 0.004370 0.003945 0.003272 0.003384 0.002925 0.002569 0.002658 0.002347 0.002355 0.017653 
453.571429 0.224399 0.011121 0.010224 0.008972 0.008400 0.007565 0.006670 0.008032 0.006906 0.005927 0.005263 0.005740 0.005092 0.004528 0.003635 0.003282 0.003526 0.003137 0.002615 0.002585 0.002453 0.002529 0.018168 
514.285714 0.224399 0.010935 0.010183 0.009232 0.008191 0.007571 0.006586 0.008155 0.006815 0.006034 0.005507 0.005960 0.005268 0.004261 0.003898 0.003354 0.003607 0.003107 0.002790 0.002790 0.002299 0.002552 0.019180 
575.000000 0.224399 0.010668 0.010112 0.009159 0.008206 0.007482 0.006679 0.007803 0.006952 0.006055 0.005449 0.005722 0.005056 0.004474 0.003904 0.003509 0.003555 0.003248 0.002815 0.002705 0.002414 0.002612 0.019486 
635.714286 0.224399 0.010816 0.009933 0.009343 0.007979 0.007221 0.006664 0.007923 0.007009 0.006084 0.005540 0.005817 0.005203 0.004303 0.003871 0.003428 0.003498 0.003133 0.002630 0.002788 0.002405 0.002712 0.020081 
696.428571 0.224399 0.010609 0.009921 0.008848 0.007971 0.007131 0.006463 0.007797 0.006812 0.006070 0.005391 0.005870 0.005080 0.004400 0.003903 0.003505 0.003644 0.003118 0.002844 0.002922 0.002593 0.002685 0.020656 
757.142857 0.224399 0.010617 0.009829 0.009099 0.008016 0.007291 0.006517 0.007656 0.006803 0.005993 0.005384 0.005969 0.005135 0.004471 0.003864 0.003433 0.003625 0.003174 0.002779 0.002917 0.002368 0.002783 0.021459 
817.857143 0.224399 0.010502 0.009953 0.008824 0.007894 0.007401 0.006397 0.007846 0.006703 0.006036 0.005378 0.005998 0.005146 0.004547 0.003817 0.003470 0.003749 0.003374 0.002853 0.002889 0.002444 0.002774 0.021688 
878.571429 0.224399 0.010497 0.009804 0.008551 0.008130 0.007228 0.006529 0.007599 0.006689 0.005796 0.005495 0.005759 0.004992 0.004481 0.003960 0.003365 0.003822 0.003174 0.002926 0.002796 0.002653 0.002852 0.021928 
939.285714 0.224399 0.010242 0.009589 0.008679 0.007793 0.007139 0.006279 0.007574 0.006468 0.005901 0.005165 0.005728 0.005295 0.004251 0.003826 0.003467 0.003732 0.003259 0.002836 0.002954 0.002632 0.002896 0.022558 
1000.000000 0.224399 0.010309 0.009458 0.008684 0.007856 0.006983 0.006494 0.007347 0.006754 0.005970 0.005129 0.005846 0.005153 0.004349 0.003944 0.003668 0.003770 0.003108 0.002926 0.002998 0.002603 0.002770 0.022485 
1.000000 0.448799 0.011824 0.010856 0.009640 0.008648 0.007647 0.006861 0.007973 0.006665 0.005875 0.005007 0.005319 0.004531 0.003834 0.003220 0.002880 0.002919 0.002523 0.002099 0.002000 0.001832 0.001908 0.013218 
50.666667 0.448799 0.011923 0.010630 0.009548 0.008584 0.007580 0.006770 0.007782 0.006889 0.005960 0.005026 0.005372 0.004674 0.003943 0.003333 0.002954 0.002986 0.002546 0.002234 0.002094 0.001895 0.001966 0.013370 
100.333333 0.448799 0.011950 0.010739 0.009461 0.008619 0.007678 0.006989 0.007978 0.006918 0.006051 0.005133 0.005630 0.004565 0.003988 0.003436 0.002966 0.003037 0.002611 0.002202 0.002120 0.001840 0.002020 0.013660 
150.000000 0.448799 0.011666 0.010802 0.009433 0.008644 0.007620 0.006727 0.007799 0.006874 0.005908 0.005166 0.005586 0.004918 0.003880 0.003504 0.003054 0.003112 0.002541 0.002253 0.002261 0.001971 0.002092 0.014617 
210.714286 0.448799 0.011542 0.010712 0.009705 0.008607 0.007686 0.006866 0.008014 0.006983 0.006066 0.005354 0.005694 0.004845 0.004099 0.003567 0.003114 0.003038 0.002724 0.002435 0.002326 0.002101 0.002159 0.015031 
271.428571 0.448799 0.011628 0.010712 0.009283 0.008579 0.007669 0.006728 0.007928 0.006724 0.005965 0.005257 0.005798 0.005032 0.004285 0.003754 0.003232 0.003276 0.002759 0.002542 0.002327 0.002036 0.002359 0.015758 
332.142857 0.448799 0.011569 0.010246 0.009373 0.008588 0.007759 0.007078 0.008009 0.006797 0.005905 0.005168 0.005803 0.005026 0.004295 0.003664 0.003174 0.003375 0.002767 0.002494 0.002506 0.002191 0.002442 0.016356 
392.857143 0.448799 0.011406 0.010431 0.009302 0.008636 0.007357 0.006574 0.007992 0.007026 0.006237 0.005330 0.005779 0.005079 0.004322 0.003888 0.003469 0.003399 0.002945 0.002521 0.002610 0.002192 0.002300 0.017121 
453.571429 0.448799 0.011331 0.010359 0.009320 0.008443 0.007590 0.007024 0.008104 0.006926 0.006165 0.005368 0.005635 0.005228 0.004365 0.003763 0.003319 0.003482 0.002976 0.002639 0.002645 0.002268 0.002376 0.017696 
514.285714 0.448799 0.011218 0.010237 0.009244 0.008184 0.007552 0.006836 0.007897 0.007095 0.006338 0.005335 0.005819 0.004944 0.004358 0.003810 0.003423 0.003545 0.003024 0.002560 0.002628 0.002249 0.002518 0.018397 
575.000000 0.448799 0.010750 0.010169 0.009316 0.008253 0.007352 0.006552 0.007894 0.006728 0.005896 0.005446 0.005970 0.005166 0.004407 0.003844 0.003430 0.003541 0.003049 0.002696 0.002706 0.002365 0.002664 0.018869 
635.714286 0.448799 0.010956 0.010389 0.009468 0.008189 0.007477 0.006602 0.007461 0.006909 0.006105 0.005467 0.005834 0.005000 0.004410 0.003849 0.003448 0.003742 0.003097 0.002699 0.002790 0.002417 0.002581 0.019773 
696.428571 0.448799 0.010772 0.010148 0.009128 0.008404 0.007508 0.006554 0.007685 0.006736 0.006017 0.005325 0.005766 0.005219 0.004338 0.003877 0.003436 0.003711 0.003075 0.002715 0.002811 0.002392 0.002823 0.019822 
757.142857 0.448799 0.010581 0.009867 0.009025 0.008203 0.007459 0.006803 0.007872 0.006857 0.005809 0.005211 0.005658 0.005069 0.004527 0.003920 0.003292 0.003657 0.003310 0.002753 0.002893 0.002436 0.002639 0.020377 
817.857143 0.448799 0.010269 0.009982 0.009142 0.008038 0.007242 0.006514 0.007523 0.006779 0.005933 0.005338 0.005989 0.005111 0.004712 0.003794 0.003454 0.003556 0.003145 0.002692 0.002890 0.002477 0.002784 0.020740 
878.571429 0.448799 0.010266 0.009755 0.008805 0.008243 0.007241 0.006457 0.007975 0.006778 0.005982 0.005294 0.005766 0.005134 0.004627 0.004152 0.003392 0.003564 0.003284 0.002797 0.002720 0.002510 0.002678 0.021072 
939.285714 0.448799 0.010656 0.009925 0.008740 0.007967 0.007283 0.006492 0.007438 0.006712 0.005959 0.005045 0.005860 0.005025 0.004592 0.003902 0.003523 0.003686 0.003237 0.003032 0.002928 0.002583 0.002766 0.021243 
1000.000000 0.448799 0.010253 0.009635 0.008523 0.008198 0.007194 0.006367 0.007748 0.006840 0.005848 0.005269 0.005810 0.004950 0.004375 0.003800 0.003427 0.003786 0.003160 0.002778 0.002878 0.002431 0.002772 0.021788 
1.000000 0.673198 0.011733 0.010910 0.009608 0.008581 0.007650 0.006836 0.008008 0.006696 0.005900 0.005005 0.005279 0.004490 0.003820 0.003210 0.002887 0.002923 0.002519 0.002123 0.002007 0.001864 0.001922 0.013252 
50.666667 0.673198 0.011902 0.010622 0.009517 0.008564 0.007615 0.006786 0.007759 0.006851 0.005900 0.005000 0.005452 0.004679 0.003966 0.003301 0.002946 0.002963 0.002533 0.002208 0.002110 0.001845 0.001982 0.013376 
100.333333 0.673198 0.011952 0.010696 0.009475 0.008654 0.007730 0.006946 0.007985 0.006873 0.006043 0.005067 0.005602 0.004540 0.003975 0.003372 0.002921 0.003024 0.002595 0.002175 0.002104 0.001802 0.001974 0.013533 
150.000000 0.673198 0.011695 0.010827 0.009618 0.008536 0.007622 0.006686 0.008067 0.006857 0.006121 0.005187 0.005552 0.004553 0.004016 0.003376 0.002805 0.003149 0.002606 0.002221 0.002390 0.001813 0.002036 0.013763 
210.714286 0.673198 0.011796 0.010775 0.009576 0.008625 0.007740 0.006928 0.007923 0.007016 0.006006 0.005261 0.005645 0.004794 0.004002 0.003449 0.002972 0.003047 0.002646 0.002344 0.002295 0.001984 0.002132 0.014590 
271.428571 0.673198 0.011643 0.010636 0.009159 0.008783 0.007446 0.006648 0.008063 0.007032 0.005937 0.005254 0.005712 0.004777 0.004207 0.003754 0.003019 0.003210 0.002786 0.002229 0.002305 0.002167 0.002179 0.015309 
332.142857 0.673198 0.011917 0.010918 0.009390 0.008556 0.007553 0.006903 0.008013 0.007081 0.006019 0.005225 0.005615 0.004926 0.004215 0.003612 0.003090 0.003381 0.002841 0.002491 0.002300 0.001989 0.002354 0.015975 
392.857143 0.673198 0.011747 0.010679 0.009433 0.008602 0.007742 0.006940 0.007941 0.007038 0.006026 0.005388 0.005904 0.004790 0.004442 0.003690 0.003244 0.003477 0.002911 0.002389 0.002539 0.002100 0.002387 0.016750 
453.571429 0.673198 0.011617 0.010352 0.009421 0.008247 0.007514 0.006982 0.007859 0.007054 0.006103 0.005376 0.005816 0.005007 0.004284 0.003790 0.003188 0.003463 0.002985 0.002537 0.002582 0.002186 0.002224 0.016993 
514.285714 0.673198 0.011353 0.010398 0.009424 0.008285 0.007397 0.006627 0.008106 0.006976 0.006013 0.005455 0.005944 0.004965 0.004487 0.003775 0.003392 0.003374 0.003032 0.002565 0.002535 0.002175 0.002396 0.017318 
575.000000 0.673198 0.010963 0.010447 0.009211 0.008278 0.007448 0.006832 0.008074 0.007055 0.006282 0.005361 0.005776 0.004990 0.004486 0.003949 0.003399 0.003563 0.003036 0.002691 0.002841 0.002249 0.002622 0.018048 
635.714286 0.673198 0.011173 0.010264 0.009478 0.008403 0.007378 0.006728 0.008026 0.007065 0.006164 0.005272 0.005743 0.005065 0.004321 0.003681 0.003298 0.003651 0.003169 0.002696 0.002596 0.002375 0.002560 0.018674 
696.428571 0.673198 0.011084 0.009874 0.009227 0.008382 0.007410 0.006620 0.008094 0.007163 0.006221 0.005352 0.005886 0.005250 0.004528 0.003927 0.003507 0.003624 0.003028 0.002739 0.002769 0.002380 0.002563 0.019294 
757.142857 0.673198 0.010945 0.010187 0.009034 0.008294 0.007322 0.006723 0.008030 0.007067 0.006027 0.005285 0.005862 0.004994 0.004397 0.003950 0.003388 0.003539 0.002951 0.002691 0.002721 0.002472 0.002673 0.019681 
817.857143 0.673198 0.010759 0.009775 0.009049 0.008159 0.007443 0.006635 0.007932 0.006793 0.006168 0.005330 0.005911 0.005135 0.004435 0.003806 0.003571 0.003619 0.003146 0.002781 0.002825 0.002418 0.002615 0.019907 
878.571429 0.673198 0.010767 0.009824 0.009119 0.008094 0.007399 0.006691 0.007950 0.006826 0.006148 0.005422 0.005895 0.004825 0.004354 0.003895 0.003334 0.003612 0.003195 0.002844 0.002754 0.002412 0.002704 0.020136 
939.285714 0.673198 0.010687 0.009569 0.009023 0.007883 0.007436 0.006592 0.007745 0.006765 0.005963 0.005181 0.005939 0.004981 0.004578 0.003890 0.003345 0.003604 0.003295 0.002734 0.002830 0.002433 0.002784 0.020815 
1000.000000 0.673198 0.010210 0.009743 0.008841 0.008408 0.006933 0.006340 0.007893 0.007049 0.005955 0.005428 0.005921 0.005143 0.004397 0.004097 0.003381 0.003514 0.003121 0.002882 0.002856 0.002549 0.002740 0.021095 
1.000000 0.897598 0.011642 0.010964 0.009575 0.008514 0.007654 0.006812 0.008043 0.006726 0.005925 0.005002 0.005240 0.004449 0.003806 0.003200 0.002894 0.002927 0.002516 0.002147 0.002014 0.001896 0.001936 0.013285 
50.666667 0.897598 0.011881 0.010614 0.009486 0.008544 0.007651 0.006802 0.007735 0.006813 0.005841 0.004974 0.005532 0.004684 0.003989 0.003268 0.002937 0.002939 0.002520 0.002181 0.002127 0.001795 0.001997 0.013381 
100.333333 0.897598 0.011955 0.010653 0.009489 0.008690 0.007782 0.006903 0.007993 0.006829 0.006035 0.005000 0.005574 0.004514 0.003962 0.003308 0.002875 0.003011 0.002578 0.002148 0.002088 0.001763 0.001928 0.013407 
150.000000 0.897598 0.011752 0.010632 0.009726 0.008712 0.007614 0.006597 0.007945 0.006861 0.005742 0.005183 0.005308 0.004509 0.004101 0.003435 0.002899 0.003179 0.002585 0.002320 0.002304 0.001738 0.002070 0.013875 
210.714286 0.897598 0.012049 0.010838 0.009446 0.008644 0.007795 0.006991 0.007833 0.007049 0.005945 0.005167 0.005595 0.004742 0.003906 0.003332 0.002830 0.003057 0.002568 0.002252 0.002263 0.001866 0.002106 0.014148 
271.428571 0.897598 0.011410 0.010476 0.009619 0.008556 0.007565 0.006754 0.007878 0.006960 0.005882 0.005325 0.005564 0.004746 0.004111 0.003590 0.003029 0.003174 0.002658 0.002199 0.002288 0.001990 0.002145 0.014836 
332.142857 0.897598 0.011772 0.010578 0.009373 0.008649 0.007580 0.007162 0.007986 0.007152 0.006077 0.005199 0.005555 0.004891 0.004337 0.003607 0.003191 0.003243 0.002870 0.002391 0.002359 0.002016 0.002251 0.015558 
392.857143 0.897598 0.011601 0.010591 0.009603 0.008498 0.007635 0.006909 0.007801 0.006958 0.006182 0.005361 0.005600 0.005056 0.004166 0.003611 0.003031 0.003324 0.002963 0.002352 0.002336 0.002067 0.002324 0.015723 
453.571429 0.897598 0.011680 0.010460 0.009386 0.008524 0.007541 0.006876 0.007916 0.006918 0.006125 0.005117 0.005792 0.005025 0.004348 0.003614 0.003100 0.003343 0.002927 0.002451 0.002445 0.002076 0.002269 0.016414 
514.285714 0.897598 0.011555 0.010664 0.009568 0.008717 0.007396 0.006698 0.007928 0.006852 0.006118 0.005387 0.006001 0.005124 0.004408 0.003928 0.003258 0.003312 0.002816 0.002417 0.002621 0.002316 0.002350 0.016826 
575.000000 0.897598 0.011229 0.010407 0.009566 0.008386 0.007572 0.006759 0.007833 0.006954 0.006228 0.005487 0.006101 0.004841 0.004486 0.003952 0.003278 0.003461 0.003001 0.002526 0.002540 0.002211 0.002476 0.017250 
635.714286 0.897598 0.011427 0.010663 0.009271 0.008399 0.007443 0.006565 0.008010 0.006903 0.006192 0.005293 0.005951 0.005163 0.004481 0.003711 0.003250 0.003509 0.002980 0.002560 0.002715 0.002250 0.002653 0.017671 
696.428571 0.897598 0.011306 0.010241 0.009271 0.008330 0.007526 0.006914 0.008108 0.006816 0.006110 0.005310 0.006008 0.004945 0.004438 0.003870 0.003339 0.003572 0.002944 0.002591 0.002725 0.002254 0.002523 0.018632 
757.142857 0.897598 0.010712 0.010497 0.009094 0.008456 0.007380 0.006788 0.007951 0.006672 0.006107 0.005359 0.005876 0.005140 0.004417 0.003891 0.003304 0.003460 0.003152 0.002680 0.002715 0.002406 0.002616 0.018528 
817.857143 0.897598 0.010868 0.010194 0.009370 0.008251 0.007391 0.006631 0.008054 0.006958 0.006266 0.005366 0.006085 0.005099 0.004459 0.003886 0.003318 0.003499 0.003194 0.002799 0.002819 0.002290 0.002653 0.019271 
878.571429 0.897598 0.011014 0.009968 0.008912 0.008306 0.007384 0.006819 0.007651 0.007008 0.005967 0.005336 0.005877 0.005105 0.004432 0.003824 0.003311 0.003524 0.003225 0.002670 0.002902 0.002303 0.002690 0.019804 
939.285714 0.897598 0.010939 0.010055 0.009232 0.008089 0.007390 0.006712 0.007841 0.006712 0.006323 0.005460 0.006045 0.005081 0.004473 0.003978 0.003485 0.003501 0.003093 0.002770 0.002874 0.002469 0.002604 0.020145 
1000.000000 0.897598 0.010810 0.009852 0.008845 0.007716 0.007173 0.006530 0.007741 0.006959 0.005859 0.005522 0.005711 0.005116 0.004530 0.003967 0.003450 0.003607 0.003196 0.002851 0.002707 0.002346 0.002665 0.020663 
1.000000 1.121997 0.011614 0.010994 0.009561 0.008483 0.007648 0.006788 0.008055 0.006742 0.005931 0.005008 0.005230 0.004437 0.003796 0.003201 0.002903 0.002927 0.002510 0.002169 0.002018 0.001913 0.001946 0.013297 
50.666667 1.121997 0.011867 0.010634 0.009474 0.008539 0.007667 0.006798 0.007733 0.006795 0.005794 0.004956 0.005569 0.004680 0.003991 0.003251 0.002935 0.002921 0.002509 0.002164 0.002134 0.001764 0.001999 0.013364 
100.333333 1.121997 0.011937 0.010628 0.009494 0.008690 0.007806 0.006888 0.007984 0.006796 0.006014 0.004965 0.005553 0.004505 0.003940 0.003271 0.002849 0.003009 0.002558 0.002133 0.002080 0.001736 0.001900 0.013332 
150.000000 1.121997 0.012139 0.010851 0.009422 0.008571 0.007693 0.006701 0.007593 0.006943 0.005808 0.005079 0.005486 0.004562 0.003938 0.003363 0.002854 0.002817 0.002554 0.002278 0.002149 0.001874 0.001956 0.013630 
210.714286 1.121997 0.011992 0.010984 0.009937 0.008529 0.007668 0.006890 0.008189 0.006691 0.005874 0.005094 0.005496 0.004629 0.003924 0.003415 0.003007 0.002984 0.002544 0.002266 0.002210 0.001872 0.002031 0.014178 
271.428571 1.121997 0.011832 0.010615 0.009624 0.008710 0.007685 0.006804 0.008207 0.006931 0.005926 0.005252 0.005566 0.004810 0.004079 0.003540 0.002927 0.003079 0.002724 0.002269 0.002277 0.001926 0.002133 0.014422 
332.142857 1.121997 0.012095 0.010747 0.009516 0.008566 0.007563 0.006776 0.008104 0.006846 0.006004 0.005169 0.005669 0.004783 0.004233 0.003542 0.003080 0.003232 0.002716 0.002234 0.002415 0.002133 0.002117 0.014656 
392.857143 1.121997 0.011708 0.010986 0.009541 0.008625 0.007820 0.006877 0.008085 0.007017 0.006245 0.005390 0.005699 0.004880 0.004235 0.003639 0.003208 0.003019 0.002688 0.002316 0.002320 0.002025 0.002120 0.015506 
453.571429 1.121997 0.011831 0.010370 0.009575 0.008370 0.007760 0.007021 0.008029 0.006937 0.006156 0.005413 0.005776 0.004893 0.004164 0.003682 0.003234 0.003216 0.002817 0.002337 0.002455 0.002182 0.002229 0.015817 
514.285714 1.121997 0.011610 0.010508 0.009416 0.008414 0.007906 0.006909 0.008232 0.006931 0.006269 0.005416 0.005795 0.005116 0.004153 0.003669 0.003290 0.003428 0.002840 0.002425 0.002489 0.002092 0.002395 0.016433 
575.000000 1.121997 0.011588 0.010384 0.009441 0.008222 0.007658 0.006546 0.007995 0.007054 0.006145 0.005397 0.005680 0.004951 0.004362 0.003916 0.003182 0.003354 0.002889 0.002600 0.002438 0.002279 0.002343 0.017260 
635.714286 1.121997 0.011377 0.010169 0.009632 0.008410 0.007393 0.006717 0.008125 0.006916 0.006160 0.005484 0.005827 0.005227 0.004523 0.003685 0.003157 0.003328 0.003055 0.002573 0.002605 0.002210 0.002527 0.017528 
696.428571 1.121997 0.011319 0.010208 0.009239 0.008264 0.007490 0.006915 0.007944 0.006951 0.006145 0.005533 0.005936 0.005044 0.004516 0.003893 0.003425 0.003487 0.003006 0.002665 0.002667 0.002270 0.002433 0.018005 
757.142857 1.121997 0.011424 0.010373 0.009268 0.008356 0.007602 0.006816 0.008075 0.006870 0.006036 0.005344 0.005671 0.005011 0.004582 0.003970 0.003385 0.003363 0.003124 0.002585 0.002699 0.002378 0.002523 0.018256 
817.857143 1.121997 0.011041 0.010201 0.009225 0.008314 0.007374 0.006464 0.008024 0.007021 0.006053 0.005377 0.005963 0.005155 0.004413 0.003853 0.003410 0.003635 0.003164 0.002604 0.002761 0.002276 0.002540 0.019095 
878.571429 1.121997 0.011182 0.010332 0.009179 0.008201 0.007257 0.006852 0.008135 0.007069 0.006223 0.005484 0.006023 0.005087 0.004415 0.003916 0.003479 0.003513 0.003064 0.002772 0.002742 0.002297 0.002642 0.019631 
939.285714 1.121997 0.010932 0.010050 0.009004 0.008316 0.007290 0.006600 0.007989 0.006757 0.006153 0.005318 0.005688 0.005179 0.004456 0.003981 0.003419 0.003530 0.003179 0.002692 0.002948 0.002503 0.002680 0.019509 
1000.000000 1.121997 0.010802 0.009979 0.009123 0.008203 0.007594 0.006481 0.007936 0.006864 0.005984 0.005453 0.005938 0.005040 0.004461 0.004010 0.003343 0.003814 0.003008 0.002682 0.002874 0.002281 0.002680 0.019993 
1.000000 1.346397 0.011709 0.010977 0.009580 0.008525 0.007622 0.006763 0.008023 0.006730 0.005898 0.005032 0.005280 0.004480 0.003796 0.003224 0.002920 0.002918 0.002503 0.002186 0.002017 0.001902 0.001950 0.013264 
50.666667 1.346397 0.011866 0.010708 0.009500 0.008562 0.007644 0.006754 0.007771 0.006818 0.005773 0.004951 0.005520 0.004657 0.003949 0.003267 0.002945 0.002913 0.002504 0.002163 0.002122 0.001770 0.001974 0.013302 
100.333333 1.346397 0.011882 0.010641 0.009483 0.008620 0.007775 0.006927 0.007941 0.006786 0.005968 0.004993 0.005543 0.004530 0.003898 0.003288 0.002861 0.003030 0.002530 0.002142 0.002085 0.001732 0.001907 0.013360 
150.000000 1.346397 0.012025 0.010580 0.009683 0.008693 0.007447 0.006745 0.007952 0.006795 0.005715 0.005252 0.005258 0.004660 0.003966 0.003443 0.002815 0.002893 0.002592 0.002155 0.002240 0.001747 0.001930 0.013286 
210.714286 1.346397 0.011769 0.010626 0.009484 0.008534 0.007442 0.006656 0.007933 0.006688 0.005714 0.005037 0.005455 0.004761 0.003914 0.003311 0.002898 0.002997 0.002571 0.002219 0.002138 0.001897 0.002068 0.013625 
271.428571 1.346397 0.011638 0.010858 0.009676 0.008615 0.007888 0.006685 0.007998 0.006893 0.005857 0.005222 0.005449 0.004639 0.004006 0.003500 0.002927 0.003053 0.002555 0.002197 0.002225 0.001779 0.002008 0.014095 
332.142857 1.346397 0.011892 0.011060 0.009640 0.008766 0.007734 0.006876 0.008065 0.006882 0.005922 0.005092 0.005466 0.004739 0.003943 0.003453 0.003067 0.003132 0.002744 0.002250 0.002348 0.001951 0.002123 0.014829 
392.857143 1.346397 0.011558 0.010605 0.009627 0.008382 0.007732 0.006933 0.008107 0.006919 0.006232 0.005178 0.005728 0.004915 0.004172 0.003586 0.002917 0.003263 0.002871 0.002492 0.002293 0.001984 0.002247 0.015036 
453.571429 1.346397 0.011707 0.010914 0.009438 0.008597 0.007722 0.006783 0.007955 0.007038 0.006175 0.005295 0.005718 0.005026 0.004316 0.003625 0.003162 0.003332 0.002861 0.002369 0.002424 0.002159 0.002197 0.015641 
514.285714 1.346397 0.011759 0.010617 0.009724 0.008676 0.007789 0.007027 0.008141 0.006842 0.006079 0.005182 0.005891 0.004827 0.004333 0.003801 0.003149 0.003452 0.002946 0.002437 0.002585 0.002127 0.002382 0.016243 
575.000000 1.346397 0.011548 0.010502 0.009256 0.008512 0.007589 0.006894 0.008036 0.007143 0.006020 0.005253 0.005971 0.005121 0.004242 0.003712 0.003269 0.003285 0.003012 0.002488 0.002586 0.002207 0.002378 0.016656 
635.714286 1.346397 0.011515 0.010400 0.009596 0.008442 0.007564 0.006693 0.008234 0.006846 0.006067 0.005365 0.005827 0.005093 0.004294 0.003869 0.003320 0.003394 0.002810 0.002597 0.002429 0.002134 0.002467 0.017326 
696.428571 1.346397 0.011328 0.010229 0.009422 0.008402 0.007752 0.007120 0.007950 0.006789 0.006181 0.005483 0.005732 0.005084 0.004408 0.003907 0.003422 0.003436 0.003157 0.002583 0.002762 0.002198 0.002613 0.017922 
757.142857 1.346397 0.011435 0.010445 0.009274 0.008420 0.007718 0.006707 0.007954 0.006898 0.006338 0.005562 0.005959 0.005237 0.004445 0.003950 0.003401 0.003696 0.003006 0.002595 0.002651 0.002268 0.002494 0.017906 
817.857143 1.346397 0.010993 0.010197 0.009162 0.008619 0.007743 0.006824 0.008180 0.007047 0.006119 0.005307 0.005718 0.005094 0.004349 0.003753 0.003392 0.003490 0.003029 0.002737 0.002781 0.002390 0.002496 0.018485 
878.571429 1.346397 0.010925 0.010394 0.008973 0.008141 0.007532 0.006604 0.007961 0.007061 0.006073 0.005299 0.005876 0.005053 0.004419 0.003964 0.003275 0.003684 0.003121 0.002808 0.002744 0.002305 0.002571 0.019096 
939.285714 1.346397 0.011096 0.010164 0.009268 0.008274 0.007594 0.006660 0.007859 0.007145 0.006145 0.005426 0.005708 0.005255 0.004357 0.004009 0.003367 0.003602 0.003145 0.002712 0.002806 0.002307 0.002437 0.019500 
1000.000000 1.346397 0.010868 0.010135 0.008927 0.008135 0.007388 0.006635 0.007895 0.006827 0.006228 0.005280 0.006069 0.005036 0.004304 0.003923 0.003446 0.003735 0.003150 0.002649 0.002805 0.002503 0.002575 0.019543 
1.000000 1.570796 0.011804 0.010960 0.009600 0.008567 0.007597 0.006739 0.007991 0.006718 0.005865 0.005056 0.005330 0.004524 0.003796 0.003246 0.002936 0.002909 0.002495 0.002204 0.002016 0.001890 0.001953 0.013231 
50.666667 1.570796 0.011866 0.010782 0.009527 0.008586 0.007622 0.006710 0.007810 0.006840 0.005753 0.004947 0.005471 0.004635 0.003908 0.003283 0.002955 0.002905 0.002500 0.002163 0.002110 0.001776 0.001950 0.013240 
100.333333 1.570796 0.011826 0.010654 0.009472 0.008551 0.007743 0.006966 0.007898 0.006776 0.005921 0.005020 0.005533 0.004554 0.003857 0.003306 0.002872 0.003050 0.002503 0.002150 0.002090 0.001729 0.001914 0.013388 
150.000000 1.570796 0.011786 0.010649 0.009840 0.008703 0.007685 0.006813 0.007862 0.006759 0.006105 0.005089 0.005232 0.004521 0.003944 0.003246 0.002914 0.002900 0.002358 0.002095 0.002167 0.001819 0.002034 0.013285 
210.714286 1.570796 0.012053 0.010862 0.009603 0.008717 0.007810 0.006768 0.008182 0.006583 0.005821 0.004967 0.005439 0.004613 0.003812 0.003274 0.002817 0.002940 0.002526 0.002244 0.002276 0.001820 0.002031 0.013794 
271.428571 1.570796 0.011666 0.010743 0.009948 0.008489 0.007632 0.006800 0.008006 0.006920 0.005949 0.005242 0.005545 0.004739 0.004001 0.003263 0.003080 0.003078 0.002568 0.002300 0.002194 0.001896 0.002202 0.013847 
332.142857 1.570796 0.011764 0.010964 0.009536 0.008929 0.007744 0.006934 0.008031 0.007171 0.006249 0.005393 0.005572 0.004653 0.003918 0.003363 0.003026 0.003237 0.002574 0.002180 0.002286 0.001995 0.002192 0.014792 
392.857143 1.570796 0.011905 0.010638 0.009533 0.008668 0.007640 0.006854 0.007913 0.006989 0.006087 0.005226 0.005788 0.004832 0.004228 0.003908 0.002980 0.003209 0.002790 0.002308 0.002293 0.002014 0.002089 0.015012 
453.571429 1.570796 0.011763 0.010878 0.009560 0.008723 0.007758 0.006793 0.007912 0.007108 0.006068 0.005300 0.005841 0.004912 0.004118 0.003642 0.003177 0.003309 0.002745 0.002328 0.002378 0.002113 0.002284 0.015662 
514.285714 1.570796 0.011525 0.010690 0.009727 0.008624 0.007672 0.006920 0.008040 0.007075 0.006256 0.005313 0.005572 0.005066 0.004342 0.003581 0.003280 0.003210 0.002979 0.002540 0.002482 0.002131 0.002400 0.015999 
575.000000 1.570796 0.011704 0.010458 0.009146 0.008654 0.007577 0.006846 0.007952 0.006866 0.006112 0.005528 0.005702 0.004960 0.004300 0.003842 0.003327 0.003403 0.002889 0.002476 0.002374 0.002223 0.002295 0.016469 
635.714286 1.570796 0.011244 0.010349 0.009395 0.008574 0.007451 0.006831 0.008167 0.007120 0.006260 0.005492 0.005989 0.004886 0.004262 0.003648 0.003341 0.003508 0.002888 0.002635 0.002599 0.002230 0.002469 0.017098 
696.428571 1.570796 0.011142 0.010475 0.009354 0.008513 0.007683 0.006865 0.007922 0.006925 0.006267 0.005298 0.005742 0.005046 0.004496 0.003696 0.003283 0.003435 0.003078 0.002705 0.002671 0.002240 0.002465 0.017193 
757.142857 1.570796 0.011379 0.010407 0.009396 0.008263 0.007441 0.006563 0.008151 0.006940 0.006280 0.005344 0.005727 0.005059 0.004281 0.003820 0.003315 0.003535 0.003026 0.002551 0.002685 0.002186 0.002438 0.018205 
817.857143 1.570796 0.011357 0.010298 0.009396 0.008269 0.007556 0.006934 0.008225 0.007347 0.006060 0.005250 0.006046 0.005094 0.004486 0.003927 0.003412 0.003584 0.003059 0.002712 0.002692 0.002277 0.002598 0.018287 
878.571429 1.570796 0.010792 0.010118 0.009353 0.008517 0.007661 0.006653 0.008036 0.006962 0.006108 0.005341 0.005848 0.004984 0.004475 0.003904 0.003439 0.003631 0.003038 0.002689 0.002657 0.002347 0.002675 0.019056 
939.285714 1.570796 0.010894 0.010106 0.009144 0.008228 0.007346 0.006689 0.008116 0.006983 0.006388 0.005201 0.005945 0.005103 0.004544 0.003951 0.003494 0.003774 0.003067 0.002834 0.002808 0.002391 0.002542 0.019148 
1000.000000 1.570796 0.010881 0.009939 0.008813 0.008154 0.007378 0.006777 0.007963 0.007122 0.006170 0.005176 0.005929 0.005098 0.004635 0.003863 0.003421 0.003597 0.003102 0.002673 0.002811 0.002345 0.002745 0.019784 
1.000000 1.795196 0.011900 0.010942 0.009620 0.008610 0.007572 0.006715 0.007959 0.006706 0.005832 0.005081 0.005380 0.004568 0.003796 0.003269 0.002952 0.002900 0.002487 0.002222 0.002015 0.001878 0.001956 0.013198 
50.666667 1.795196 0.011865 0.010857 0.009554 0.008610 0.007599 0.006665 0.007849 0.006863 0.005732 0.004943 0.005421 0.004613 0.003866 0.003300 0.002966 0.002897 0.002495 0.002163 0.002097 0.001783 0.001925 0.013178 
100.333333 1.795196 0.011770 0.010667 0.009461 0.008481 0.007711 0.007005 0.007855 0.006765 0.005874 0.005048 0.005523 0.004579 0.003815 0.003324 0.002884 0.003071 0.002476 0.002159 0.002096 0.001726 0.001921 0.013416 
150.000000 1.795196 0.011947 0.011265 0.009470 0.008490 0.007689 0.006698 0.007896 0.006718 0.005829 0.005146 0.005364 0.004563 0.003959 0.003375 0.002872 0.002981 0.002411 0.002113 0.002160 0.001753 0.001924 0.013399 
210.714286 1.795196 0.011935 0.010877 0.009948 0.008556 0.007639 0.007011 0.008071 0.006983 0.005983 0.005151 0.005497 0.004682 0.003926 0.003532 0.003089 0.003067 0.002556 0.002212 0.002249 0.001880 0.002037 0.013582 
271.428571 1.795196 0.012145 0.010827 0.009662 0.008671 0.007529 0.006715 0.008145 0.006460 0.005893 0.005129 0.005473 0.004622 0.003884 0.003456 0.003054 0.003064 0.002539 0.002218 0.002181 0.002006 0.002023 0.013971 
332.142857 1.795196 0.011866 0.010484 0.009686 0.008633 0.007774 0.006827 0.007860 0.007163 0.006140 0.005248 0.005786 0.004704 0.004211 0.003568 0.003068 0.003235 0.002680 0.002417 0.002315 0.001957 0.002118 0.014858 
392.857143 1.795196 0.011800 0.010553 0.009839 0.008739 0.007627 0.006647 0.008279 0.007372 0.006037 0.005170 0.005821 0.004723 0.004153 0.003583 0.003049 0.003083 0.002714 0.002322 0.002344 0.002065 0.002184 0.015296 
453.571429 1.795196 0.011357 0.010941 0.009426 0.008774 0.007883 0.006885 0.008001 0.007022 0.006139 0.005310 0.005481 0.004883 0.004204 0.003636 0.003199 0.003155 0.002858 0.002434 0.002396 0.002129 0.002310 0.015519 
514.285714 1.795196 0.011807 0.010896 0.009476 0.008549 0.007740 0.006698 0.008021 0.006799 0.006052 0.005430 0.005741 0.004959 0.004214 0.003839 0.003263 0.003387 0.002914 0.002687 0.002536 0.002117 0.002286 0.016042 
575.000000 1.795196 0.011452 0.010571 0.009367 0.008565 0.007650 0.006588 0.008055 0.006972 0.006155 0.005505 0.005989 0.005110 0.004277 0.003780 0.003314 0.003304 0.002881 0.002544 0.002578 0.002129 0.002387 0.016758 
635.714286 1.795196 0.011593 0.010335 0.009567 0.008491 0.007583 0.006820 0.007974 0.007218 0.006265 0.005356 0.006080 0.004875 0.004397 0.003683 0.003262 0.003492 0.002993 0.002548 0.002656 0.002136 0.002377 0.017285 
696.428571 1.795196 0.011256 0.010267 0.009465 0.008459 0.007462 0.006778 0.007666 0.007021 0.006253 0.005597 0.006008 0.005029 0.004648 0.003900 0.003347 0.003387 0.003002 0.002573 0.002565 0.002312 0.002459 0.017798 
757.142857 1.795196 0.011296 0.010559 0.009612 0.008229 0.007687 0.006697 0.007942 0.006994 0.006222 0.005414 0.005778 0.005165 0.004481 0.003868 0.003417 0.003549 0.002941 0.002532 0.002719 0.002292 0.002518 0.018015 
817.857143 1.795196 0.011126 0.010440 0.009476 0.008262 0.007614 0.006558 0.008081 0.007055 0.006117 0.005460 0.005935 0.005047 0.004424 0.003832 0.003461 0.003642 0.003165 0.002636 0.002740 0.002285 0.002553 0.018498 
878.571429 1.795196 0.011021 0.009817 0.009526 0.008089 0.007364 0.006720 0.008001 0.006961 0.006205 0.005500 0.005816 0.005189 0.004485 0.004026 0.003539 0.003469 0.003032 0.002555 0.002720 0.002261 0.002569 0.018992 
939.285714 1.795196 0.011073 0.009844 0.009317 0.008017 0.007469 0.006748 0.008019 0.006958 0.006277 0.005333 0.006042 0.005295 0.004660 0.003836 0.003515 0.003529 0.003148 0.002694 0.002722 0.002281 0.002645 0.019681 
1000.000000 1.795196 0.011028 0.010393 0.009134 0.008235 0.007205 0.006609 0.007720 0.007048 0.005980 0.005581 0.006080 0.005116 0.004507 0.003860 0.003443 0.003525 0.003263 0.002778 0.002832 0.002533 0.002766 0.019604 
1.000000 2.019595 0.011995 0.010925 0.009639 0.008652 0.007546 0.006690 0.007927 0.006694 0.005799 0.005105 0.005430 0.004611 0.003796 0.003291 0.002969 0.002891 0.002480 0.002239 0.002014 0.001867 0.001960 0.013165 
50.666667 2.019595 0.011864 0.010931 0.009580 0.008633 0.007576 0.006621 0.007887 0.006886 0.005711 0.004938 0.005372 0.004590 0.003824 0.003316 0.002976 0.002889 0.002490 0.002162 0.002085 0.001789 0.001900 0.013116 
100.333333 2.019595 0.011715 0.010680 0.009450 0.008411 0.007680 0.007044 0.007812 0.006755 0.005828 0.005076 0.005513 0.004604 0.003773 0.003341 0.002896 0.003092 0.002448 0.002168 0.002101 0.001722 0.001928 0.013444 
150.000000 2.019595 0.012032 0.010747 0.009684 0.008451 0.007548 0.006840 0.008045 0.006900 0.005870 0.005136 0.005446 0.004615 0.003889 0.003313 0.002991 0.003088 0.002635 0.002030 0.002155 0.001879 0.002024 0.013587 
210.714286 2.019595 0.012131 0.010958 0.009653 0.008668 0.007632 0.006840 0.008070 0.006777 0.006011 0.005076 0.005456 0.004700 0.003753 0.003459 0.003027 0.002948 0.002610 0.002198 0.002303 0.001900 0.002071 0.014033 
271.428571 2.019595 0.012177 0.010834 0.009809 0.008589 0.007750 0.006886 0.008116 0.007065 0.005943 0.005137 0.005428 0.004724 0.003928 0.003361 0.002975 0.003062 0.002646 0.002294 0.002183 0.001876 0.002217 0.014322 
332.142857 2.019595 0.011706 0.010623 0.009576 0.008575 0.007912 0.006853 0.007860 0.007171 0.006056 0.005152 0.005503 0.004794 0.004147 0.003653 0.003122 0.003213 0.002698 0.002319 0.002319 0.002082 0.002158 0.014904 
392.857143 2.019595 0.011734 0.010742 0.009575 0.008780 0.007625 0.006586 0.008038 0.007022 0.006128 0.005275 0.005731 0.004801 0.004158 0.003567 0.003204 0.003276 0.002700 0.002487 0.002414 0.002047 0.002226 0.015277 
453.571429 2.019595 0.011681 0.010709 0.009380 0.008515 0.007854 0.006936 0.008097 0.007015 0.006178 0.005435 0.005893 0.004913 0.004238 0.003726 0.003315 0.003403 0.002769 0.002399 0.002439 0.002082 0.002289 0.016148 
514.285714 2.019595 0.011323 0.010326 0.009513 0.008605 0.007644 0.006637 0.008127 0.007144 0.006063 0.005485 0.005914 0.004989 0.004442 0.003661 0.003286 0.003511 0.002933 0.002500 0.002385 0.002129 0.002367 0.016649 
575.000000 2.019595 0.011447 0.010480 0.009339 0.008609 0.007772 0.007014 0.008085 0.006998 0.006043 0.005263 0.005756 0.004928 0.004389 0.003747 0.003289 0.003342 0.002832 0.002571 0.002519 0.002098 0.002331 0.017484 
635.714286 2.019595 0.011529 0.010221 0.009587 0.008341 0.007505 0.006815 0.008396 0.006967 0.006107 0.005441 0.005719 0.005007 0.004341 0.003800 0.003232 0.003436 0.003250 0.002536 0.002638 0.002263 0.002524 0.017529 
696.428571 2.019595 0.011177 0.010369 0.009090 0.008515 0.007496 0.006829 0.008000 0.006943 0.006143 0.005393 0.005822 0.005137 0.004437 0.003785 0.003288 0.003468 0.002955 0.002598 0.002675 0.002328 0.002512 0.018080 
757.142857 2.019595 0.011310 0.010330 0.009345 0.008357 0.007567 0.006809 0.007964 0.006835 0.005901 0.005341 0.005909 0.005145 0.004439 0.003910 0.003421 0.003625 0.003110 0.002580 0.002799 0.002254 0.002518 0.018438 
817.857143 2.019595 0.011139 0.009973 0.009312 0.008021 0.007385 0.006518 0.007937 0.006949 0.006043 0.005175 0.005712 0.004982 0.004447 0.004056 0.003435 0.003523 0.003133 0.002634 0.002623 0.002341 0.002587 0.019038 
878.571429 2.019595 0.010793 0.010078 0.009336 0.008118 0.007540 0.006801 0.008186 0.006743 0.006233 0.005332 0.005919 0.005259 0.004504 0.004011 0.003506 0.003660 0.003127 0.002686 0.002734 0.002437 0.002628 0.019119 
939.285714 2.019595 0.010963 0.009865 0.009085 0.008248 0.007246 0.006631 0.008284 0.006963 0.006192 0.005190 0.005917 0.005154 0.004464 0.003909 0.003418 0.003593 0.003262 0.002781 0.002765 0.002290 0.002623 0.019601 
1000.000000 2.019595 0.010728 0.010034 0.009054 0.008171 0.007451 0.006575 0.007902 0.006908 0.006158 0.005477 0.005932 0.005177 0.004579 0.003778 0.003457 0.003641 0.003106 0.002724 0.002870 0.002475 0.002611 0.019614 
1.000000 2.243995 0.011998 0.010906 0.009680 0.008664 0.007537 0.006663 0.007905 0.006693 0.005789 0.005112 0.005448 0.004594 0.003801 0.003300 0.002960 0.002894 0.002480 0.002241 0.002031 0.001854 0.001946 0.013140 
50.666667 2.243995 0.011840 0.010947 0.009600 0.008633 0.007554 0.006618 0.007896 0.006857 0.005740 0.004977 0.005360 0.004602 0.003818 0.003312 0.002957 0.002900 0.002491 0.002170 0.002087 0.001791 0.001888 0.013157 
100.333333 2.243995 0.011685 0.010718 0.009446 0.008437 0.007703 0.007035 0.007820 0.006768 0.005809 0.005112 0.005518 0.004630 0.003795 0.003354 0.002912 0.003099 0.002451 0.002182 0.002123 0.001755 0.001949 0.013534 
150.000000 2.243995 0.011943 0.010816 0.009812 0.008726 0.007776 0.006716 0.007915 0.006861 0.005871 0.005140 0.005293 0.004501 0.004048 0.003374 0.003038 0.003078 0.002509 0.002179 0.002292 0.001797 0.001968 0.013892 
210.714286 2.243995 0.012110 0.010773 0.009644 0.008373 0.007702 0.006676 0.008033 0.006690 0.005950 0.005073 0.005455 0.004622 0.004007 0.003494 0.003003 0.003087 0.002681 0.002317 0.002259 0.002007 0.002168 0.014361 
271.428571 2.243995 0.011940 0.010956 0.009406 0.008639 0.007700 0.007012 0.007953 0.007022 0.005943 0.005120 0.005528 0.004734 0.003985 0.003603 0.003110 0.003215 0.002591 0.002207 0.002439 0.002071 0.001964 0.014875 
332.142857 2.243995 0.012093 0.010803 0.009642 0.008589 0.007550 0.006740 0.008177 0.006830 0.005912 0.005209 0.005783 0.004726 0.004043 0.003708 0.003135 0.003147 0.002934 0.002421 0.002496 0.002086 0.002216 0.015208 
392.857143 2.243995 0.011735 0.010749 0.009566 0.008409 0.007771 0.006799 0.008134 0.007016 0.006096 0.005280 0.005953 0.005013 0.004250 0.003694 0.003159 0.003191 0.002850 0.002442 0.002418 0.002161 0.002211 0.015754 
453.571429 2.243995 0.011738 0.010389 0.009436 0.008745 0.007385 0.006792 0.008115 0.006941 0.006082 0.005365 0.005861 0.004853 0.004311 0.003707 0.003290 0.003201 0.002898 0.002535 0.002527 0.002122 0.002364 0.016630 
514.285714 2.243995 0.011521 0.010587 0.009401 0.008438 0.007609 0.006887 0.008007 0.007078 0.006139 0.005383 0.005788 0.004947 0.004482 0.003774 0.003079 0.003605 0.002805 0.002530 0.002600 0.002273 0.002433 0.016683 
575.000000 2.243995 0.011274 0.010173 0.009442 0.008490 0.007553 0.006873 0.007922 0.007047 0.005990 0.005486 0.005830 0.005059 0.004437 0.003942 0.003511 0.003428 0.002855 0.002467 0.002596 0.002219 0.002494 0.017448 
635.714286 2.243995 0.011269 0.010329 0.009360 0.008381 0.007415 0.006799 0.008169 0.006927 0.006119 0.005523 0.005900 0.004813 0.004565 0.003829 0.003245 0.003528 0.003061 0.002695 0.002611 0.002212 0.002395 0.018114 
696.428571 2.243995 0.011283 0.009994 0.009234 0.008167 0.007614 0.006882 0.007941 0.006969 0.006018 0.005303 0.005848 0.004882 0.004330 0.003953 0.003248 0.003671 0.003013 0.002624 0.002694 0.002424 0.002668 0.018564 
757.142857 2.243995 0.011157 0.010413 0.009065 0.008359 0.007396 0.006666 0.007890 0.007041 0.006131 0.005567 0.005890 0.005124 0.004420 0.003839 0.003407 0.003520 0.003109 0.002637 0.002645 0.002405 0.002559 0.018664 
817.857143 2.243995 0.011007 0.010282 0.008941 0.008540 0.007569 0.006635 0.008211 0.006848 0.005948 0.005449 0.005994 0.005228 0.004440 0.004019 0.003418 0.003678 0.003129 0.002624 0.002841 0.002363 0.002638 0.018904 
878.571429 2.243995 0.010959 0.009828 0.009017 0.008109 0.007608 0.006666 0.008013 0.006938 0.005996 0.005429 0.006081 0.005040 0.004547 0.003988 0.003387 0.003692 0.003211 0.002800 0.002834 0.002505 0.002698 0.019837 
939.285714 2.243995 0.010706 0.009778 0.009095 0.008287 0.007367 0.006656 0.007908 0.007014 0.005926 0.005399 0.005692 0.005205 0.004421 0.003962 0.003449 0.003633 0.003273 0.002946 0.002824 0.002473 0.002846 0.019636 
1000.000000 2.243995 0.010404 0.009689 0.008859 0.007905 0.007203 0.006688 0.007989 0.006933 0.006129 0.005331 0.005941 0.005119 0.004590 0.003966 0.003530 0.003530 0.003173 0.002686 0.002936 0.002523 0.002702 0.020245 
1.000000 2.468394 0.011956 0.010887 0.009731 0.008661 0.007537 0.006635 0.007890 0.006699 0.005792 0.005111 0.005448 0.004547 0.003808 0.003300 0.002940 0.002902 0.002486 0.002236 0.002057 0.001840 0.001922 0.013119 
50.666667 2.468394 0.011804 0.010932 0.009617 0.008622 0.007534 0.006636 0.007890 0.006803 0.005795 0.005038 0.005366 0.004631 0.003829 0.003297 0.002924 0.002920 0.002495 0.002182 0.002096 0.001791 0.001882 0.013251 
100.333333 2.468394 0.011669 0.010769 0.009446 0.008511 0.007753 0.007001 0.007853 0.006793 0.005805 0.005152 0.005530 0.004656 0.003849 0.003364 0.002930 0.003098 0.002470 0.002199 0.002153 0.001806 0.001977 0.013656 
150.000000 2.468394 0.011893 0.010778 0.009623 0.008560 0.008027 0.006653 0.007946 0.006932 0.005930 0.005176 0.005479 0.004538 0.003843 0.003489 0.003014 0.003037 0.002578 0.002340 0.002381 0.001886 0.002026 0.014166 
210.714286 2.468394 0.011947 0.010679 0.009615 0.008412 0.007625 0.006856 0.008051 0.006768 0.005987 0.005253 0.005497 0.004665 0.004077 0.003528 0.003087 0.003100 0.002680 0.002354 0.002312 0.002010 0.002280 0.014578 
271.428571 2.468394 0.011867 0.010800 0.009528 0.008526 0.007674 0.006985 0.008134 0.006939 0.006003 0.005219 0.005563 0.004801 0.004126 0.003621 0.003206 0.003171 0.002649 0.002293 0.002426 0.002063 0.002110 0.015418 
332.142857 2.468394 0.011813 0.010593 0.009517 0.008569 0.007526 0.006721 0.007980 0.007019 0.006023 0.005228 0.005697 0.004875 0.004207 0.003639 0.003221 0.003266 0.002967 0.002465 0.002492 0.002133 0.002273 0.015724 
392.857143 2.468394 0.011605 0.010530 0.009301 0.008588 0.007602 0.006809 0.008207 0.006915 0.005975 0.005533 0.005692 0.004782 0.004360 0.003756 0.003376 0.003236 0.002826 0.002462 0.002549 0.002195 0.002306 0.016815 
453.571429 2.468394 0.011513 0.010263 0.009299 0.008372 0.007633 0.007019 0.008004 0.006832 0.006220 0.005530 0.005933 0.005004 0.004458 0.003828 0.003266 0.003537 0.002944 0.002531 0.002676 0.002202 0.002465 0.017028 
514.285714 2.468394 0.011381 0.010462 0.009452 0.008364 0.007295 0.006960 0.008009 0.007038 0.006233 0.005422 0.005737 0.005228 0.004321 0.003919 0.003365 0.003562 0.003058 0.002599 0.002651 0.002306 0.002404 0.017722 
575.000000 2.468394 0.011299 0.010270 0.009508 0.008453 0.007564 0.006702 0.007853 0.007002 0.006144 0.005462 0.005769 0.005097 0.004567 0.003727 0.003332 0.003314 0.002890 0.002489 0.002744 0.002182 0.002543 0.018027 
635.714286 2.468394 0.011072 0.010129 0.009499 0.008390 0.007523 0.006674 0.008285 0.007039 0.006181 0.005282 0.005830 0.005049 0.004442 0.003836 0.003416 0.003416 0.003055 0.002576 0.002732 0.002245 0.002476 0.018856 
696.428571 2.468394 0.011043 0.010232 0.009216 0.008157 0.007503 0.006701 0.008011 0.007102 0.006062 0.005268 0.005827 0.005035 0.004375 0.003846 0.003413 0.003393 0.003030 0.002649 0.002819 0.002328 0.002633 0.018963 
757.142857 2.468394 0.010748 0.009982 0.009212 0.008386 0.007522 0.006770 0.007793 0.006877 0.006089 0.005373 0.005858 0.005201 0.004545 0.003879 0.003484 0.003649 0.003091 0.002694 0.002819 0.002396 0.002753 0.019730 
817.857143 2.468394 0.010790 0.010100 0.009226 0.008053 0.007290 0.006708 0.007835 0.006921 0.006203 0.005207 0.005782 0.004932 0.004453 0.003863 0.003418 0.003563 0.003156 0.002705 0.002773 0.002422 0.002745 0.019938 
878.571429 2.468394 0.010914 0.010156 0.009152 0.008081 0.007179 0.006608 0.007827 0.006880 0.006091 0.005423 0.005936 0.005054 0.004360 0.003739 0.003468 0.003709 0.003174 0.002745 0.002853 0.002642 0.002708 0.020513 
939.285714 2.468394 0.010703 0.009659 0.008849 0.008166 0.007394 0.006583 0.007711 0.006673 0.005875 0.005483 0.005897 0.005302 0.004451 0.003932 0.003292 0.003555 0.003146 0.002725 0.002799 0.002501 0.002777 0.020648 
1000.000000 2.468394 0.010424 0.009783 0.008966 0.008134 0.007134 0.006569 0.007579 0.006837 0.006074 0.005244 0.005841 0.004998 0.004240 0.003940 0.003521 0.003565 0.003082 0.002810 0.002681 0.002507 0.002709 0.020556 
1.000000 2.692794 0.011913 0.010867 0.009782 0.008657 0.007536 0.006607 0.007874 0.006704 0.005794 0.005110 0.005449 0.004499 0.003815 0.003301 0.002919 0.002911 0.002491 0.002230 0.002083 0.001826 0.001899 0.013098 
50.666667 2.692794 0.011767 0.010918 0.009634 0.008610 0.007514 0.006654 0.007883 0.006748 0.005849 0.005099 0.005373 0.004660 0.003841 0.003283 0.002892 0.002940 0.002499 0.002193 0.002106 0.001792 0.001877 0.013344 
100.333333 2.692794 0.011653 0.010820 0.009447 0.008585 0.007803 0.006967 0.007886 0.006818 0.005801 0.005193 0.005542 0.004682 0.003904 0.003374 0.002948 0.003098 0.002488 0.002216 0.002184 0.001858 0.002005 0.013778 
150.000000 2.692794 0.011923 0.010680 0.009592 0.008767 0.007622 0.006773 0.008057 0.006938 0.005991 0.005184 0.005556 0.004734 0.003975 0.003476 0.002999 0.003148 0.002603 0.002275 0.002285 0.001967 0.002163 0.014118 
210.714286 2.692794 0.011785 0.010585 0.009586 0.008452 0.007548 0.007037 0.008068 0.006846 0.006024 0.005433 0.005540 0.004708 0.004147 0.003562 0.003172 0.003114 0.002679 0.002392 0.002364 0.002012 0.002392 0.014794 
271.428571 2.692794 0.011794 0.010645 0.009650 0.008412 0.007648 0.006957 0.008315 0.006855 0.006063 0.005317 0.005599 0.004867 0.004268 0.003639 0.003302 0.003127 0.002707 0.002379 0.002413 0.002056 0.002257 0.015960 
332.142857 2.692794 0.011532 0.010383 0.009391 0.008549 0.007501 0.006702 0.007784 0.007208 0.006133 0.005248 0.005611 0.005025 0.004370 0.003571 0.003308 0.003386 0.003000 0.002510 0.002488 0.002181 0.002330 0.016239 
392.857143 2.692794 0.011349 0.010851 0.009279 0.008414 0.007658 0.006831 0.008141 0.006680 0.006030 0.005307 0.005670 0.005147 0.004386 0.003820 0.003406 0.003394 0.003015 0.002451 0.002535 0.002096 0.002401 0.017148 
453.571429 2.692794 0.011326 0.010619 0.009437 0.008542 0.007530 0.006649 0.008163 0.006968 0.006077 0.005405 0.005784 0.005244 0.004367 0.003579 0.003396 0.003318 0.002980 0.002533 0.002609 0.002234 0.002378 0.018110 
514.285714 2.692794 0.011051 0.010094 0.009537 0.008387 0.007398 0.006712 0.008171 0.006911 0.006175 0.005352 0.005880 0.004923 0.004520 0.003813 0.003290 0.003605 0.003059 0.002660 0.002710 0.002327 0.002632 0.018152 
575.000000 2.692794 0.011200 0.010404 0.009196 0.008448 0.007407 0.006561 0.008039 0.006892 0.005947 0.005446 0.005843 0.005233 0.004441 0.003747 0.003492 0.003873 0.003027 0.002569 0.002668 0.002301 0.002535 0.019199 
635.714286 2.692794 0.011025 0.010325 0.009292 0.008039 0.007519 0.006731 0.007850 0.007030 0.006068 0.005516 0.005574 0.004975 0.004564 0.003798 0.003397 0.003537 0.003056 0.002601 0.002783 0.002312 0.002753 0.019861 
696.428571 2.692794 0.010754 0.010012 0.008768 0.008221 0.007228 0.006606 0.007858 0.006965 0.005980 0.005513 0.005944 0.005068 0.004581 0.003975 0.003391 0.003588 0.003133 0.002707 0.002852 0.002356 0.002693 0.019662 
757.142857 2.692794 0.010922 0.009988 0.008893 0.008111 0.007247 0.006487 0.007788 0.006760 0.005981 0.005486 0.005841 0.005141 0.004359 0.003996 0.003339 0.003700 0.003166 0.002737 0.002883 0.002498 0.002705 0.020080 
817.857143 2.692794 0.010724 0.009804 0.008908 0.008096 0.007276 0.006639 0.007787 0.006785 0.006112 0.005416 0.006076 0.005146 0.004520 0.004073 0.003576 0.003602 0.003247 0.002766 0.002806 0.002552 0.002672 0.020686 
878.571429 2.692794 0.010445 0.009677 0.008900 0.007949 0.007186 0.006623 0.007933 0.007007 0.005883 0.005348 0.005703 0.005191 0.004410 0.003887 0.003446 0.003740 0.003127 0.002858 0.002808 0.002487 0.002854 0.021596 
939.285714 2.692794 0.010760 0.009616 0.008722 0.007663 0.007290 0.006386 0.007611 0.006769 0.006044 0.005398 0.005999 0.005188 0.004468 0.004009 0.003568 0.003664 0.003105 0.002772 0.002983 0.002449 0.002842 0.021418 
1000.000000 2.692794 0.010442 0.009644 0.008678 0.007921 0.007257 0.006536 0.007644 0.006866 0.006089 0.005129 0.005812 0.004988 0.004401 0.003774 0.003503 0.003692 0.003209 0.002854 0.002960 0.002593 0.002838 0.021735 
1.000000 2.917193 0.011870 0.010848 0.009833 0.008654 0.007535 0.006579 0.007858 0.006709 0.005796 0.005108 0.005450 0.004452 0.003823 0.003302 0.002899 0.002919 0.002496 0.002225 0.002109 0.001812 0.001876 0.013077 
50.666667 2.917193 0.011731 0.010904 0.009650 0.008599 0.007493 0.006672 0.007877 0.006693 0.005904 0.005159 0.005379 0.004688 0.003852 0.003269 0.002859 0.002961 0.002504 0.002205 0.002115 0.001792 0.001871 0.013438 
100.333333 2.917193 0.011636 0.010871 0.009447 0.008659 0.007854 0.006934 0.007919 0.006842 0.005797 0.005233 0.005554 0.004709 0.003958 0.003384 0.002966 0.003097 0.002507 0.002233 0.002214 0.001909 0.002034 0.013899 
150.000000 2.917193 0.011635 0.010787 0.009548 0.008279 0.007589 0.006742 0.007860 0.006814 0.005986 0.005278 0.005688 0.004785 0.004039 0.003504 0.003039 0.002951 0.002633 0.002349 0.002315 0.001967 0.002172 0.014308 
210.714286 2.917193 0.011652 0.010896 0.009593 0.008724 0.007514 0.006834 0.008057 0.007142 0.006138 0.005306 0.005656 0.004940 0.003883 0.003704 0.003060 0.003235 0.002849 0.002403 0.002375 0.001976 0.002238 0.015164 
271.428571 2.917193 0.011457 0.010237 0.009437 0.008766 0.007663 0.006859 0.007922 0.006819 0.006111 0.005372 0.006005 0.004885 0.004284 0.003732 0.003187 0.003382 0.002815 0.002540 0.002506 0.002132 0.002377 0.016428 
332.142857 2.917193 0.011550 0.010585 0.009414 0.008265 0.007508 0.006852 0.008044 0.006964 0.006123 0.005492 0.005884 0.005086 0.004283 0.003731 0.003225 0.003444 0.002843 0.002635 0.002474 0.002100 0.002414 0.016661 
392.857143 2.917193 0.011309 0.010337 0.009539 0.008441 0.007750 0.006713 0.007939 0.007114 0.006193 0.005657 0.006035 0.005258 0.004359 0.003817 0.003478 0.003448 0.003026 0.002665 0.002667 0.002204 0.002535 0.017913 
453.571429 2.917193 0.011499 0.010452 0.009149 0.008222 0.007526 0.006542 0.008057 0.007006 0.006008 0.005444 0.005818 0.005214 0.004409 0.003851 0.003263 0.003550 0.003046 0.002697 0.002659 0.002216 0.002659 0.018256 
514.285714 2.917193 0.010881 0.010014 0.009358 0.008288 0.007578 0.006964 0.007897 0.007072 0.006277 0.005280 0.005836 0.004957 0.004620 0.003873 0.003414 0.003600 0.003187 0.002729 0.002657 0.002314 0.002444 0.018922 
575.000000 2.917193 0.010905 0.010017 0.009265 0.008192 0.007471 0.006354 0.007648 0.007040 0.006055 0.005416 0.005947 0.004958 0.004499 0.003919 0.003512 0.003626 0.003271 0.002682 0.002786 0.002295 0.002497 0.019500 
635.714286 2.917193 0.010760 0.010145 0.008968 0.007943 0.007230 0.006568 0.007683 0.006795 0.006039 0.005257 0.006025 0.004996 0.004543 0.003859 0.003617 0.003585 0.003292 0.002777 0.002739 0.002404 0.002556 0.020210 
696.428571 2.917193 0.010595 0.009756 0.008766 0.008211 0.007224 0.006687 0.007788 0.006965 0.006101 0.005311 0.005913 0.005139 0.004533 0.004016 0.003445 0.003579 0.003238 0.002895 0.002903 0.002466 0.002831 0.020475 
757.142857 2.917193 0.010582 0.009770 0.009054 0.008244 0.007202 0.006500 0.007502 0.006646 0.005914 0.005525 0.005844 0.005171 0.004541 0.003936 0.003354 0.003791 0.003146 0.002833 0.002933 0.002576 0.002771 0.021534 
817.857143 2.917193 0.010397 0.009818 0.008835 0.007965 0.007428 0.006658 0.007779 0.006644 0.005986 0.005201 0.005886 0.005136 0.004361 0.003927 0.003474 0.003899 0.003314 0.002887 0.002947 0.002672 0.002885 0.021763 
878.571429 2.917193 0.010326 0.009446 0.008589 0.008065 0.006971 0.006336 0.007681 0.006775 0.005877 0.005291 0.005736 0.005019 0.004444 0.003730 0.003618 0.003738 0.003161 0.002926 0.002938 0.002626 0.002842 0.022084 
939.285714 2.917193 0.010197 0.009621 0.008832 0.007655 0.007294 0.006486 0.007673 0.006789 0.006112 0.005390 0.005719 0.005027 0.004472 0.003975 0.003317 0.003802 0.003219 0.002850 0.003017 0.002636 0.002764 0.022225 
1000.000000 2.917193 0.010405 0.009425 0.008691 0.008034 0.007200 0.006449 0.007483 0.006493 0.005792 0.005293 0.005936 0.005040 0.004433 0.003940 0.003597 0.003709 0.003176 0.002874 0.002900 0.002733 0.002842 0.022511 
1.000000 3.141593 0.011827 0.010828 0.009884 0.008651 0.007534 0.006551 0.007842 0.006714 0.005798 0.005107 0.005451 0.004404 0.003830 0.003303 0.002878 0.002928 0.002501 0.002219 0.002135 0.001798 0.001853 0.013056 
50.666667 3.141593 0.011695 0.010890 0.009667 0.008587 0.007473 0.006690 0.007871 0.006638 0.005958 0.005220 0.005385 0.004717 0.003864 0.003255 0.002826 0.002981 0.002508 0.002217 0.002124 0.001792 0.001865 0.013531 
100.333333 3.141593 0.011620 0.010922 0.009447 0.008733 0.007904 0.006900 0.007952 0.006867 0.005793 0.005274 0.005566 0.004735 0.004012 0.003394 0.002984 0.003097 0.002525 0.002250 0.002244 0.001960 0.002062 0.014021 
150.000000 3.141593 0.011850 0.011150 0.009924 0.008701 0.007810 0.006768 0.008049 0.006935 0.006136 0.005344 0.005674 0.004596 0.004000 0.003522 0.003254 0.003109 0.002693 0.002204 0.002226 0.001975 0.002086 0.014557 
210.714286 3.141593 0.011692 0.010354 0.009696 0.008446 0.007568 0.006838 0.008173 0.006842 0.006084 0.005333 0.005590 0.004953 0.004227 0.003562 0.003033 0.003224 0.002854 0.002372 0.002326 0.002111 0.002273 0.015288 
271.428571 3.141593 0.011616 0.010492 0.009650 0.008569 0.007649 0.006730 0.008219 0.007048 0.005949 0.005567 0.005665 0.005113 0.004325 0.003768 0.003193 0.003278 0.002866 0.002389 0.002464 0.002056 0.002357 0.016286 
332.142857 3.141593 0.011311 0.010574 0.009307 0.008287 0.007610 0.006871 0.008108 0.007106 0.006198 0.005350 0.005981 0.005045 0.004352 0.003599 0.003264 0.003430 0.002900 0.002458 0.002725 0.002328 0.002519 0.017349 
392.857143 3.141593 0.011395 0.010242 0.009202 0.008504 0.007647 0.006835 0.008044 0.006930 0.006145 0.005496 0.005910 0.005039 0.004477 0.003884 0.003224 0.003531 0.003083 0.002686 0.002658 0.002363 0.002429 0.017770 
453.571429 3.141593 0.010940 0.010320 0.009343 0.008412 0.007391 0.006765 0.007967 0.006999 0.006076 0.005436 0.005793 0.005169 0.004455 0.003893 0.003548 0.003578 0.003114 0.002659 0.002561 0.002458 0.002438 0.018993 
514.285714 3.141593 0.010716 0.010088 0.009234 0.008126 0.007346 0.006720 0.007996 0.006796 0.006264 0.005257 0.005839 0.005116 0.004362 0.004085 0.003369 0.003632 0.003230 0.002705 0.002793 0.002406 0.002604 0.019097 
575.000000 3.141593 0.011122 0.009917 0.008948 0.008242 0.007344 0.006712 0.007725 0.006995 0.006313 0.005268 0.006048 0.005198 0.004576 0.003824 0.003538 0.003540 0.003267 0.002942 0.002974 0.002475 0.002671 0.019740 
635.714286 3.141593 0.010861 0.009750 0.009164 0.008202 0.007528 0.006581 0.007742 0.006669 0.006008 0.005330 0.005693 0.005091 0.004408 0.003988 0.003473 0.003710 0.003144 0.002719 0.002908 0.002535 0.002773 0.020478 
696.428571 3.141593 0.010880 0.009666 0.008886 0.008002 0.007113 0.006600 0.007817 0.006881 0.005912 0.005246 0.005768 0.005144 0.004472 0.003854 0.003487 0.003560 0.003275 0.002830 0.002852 0.002583 0.002695 0.021290 
757.142857 3.141593 0.010589 0.010025 0.008754 0.007949 0.007095 0.006537 0.007794 0.006766 0.006112 0.005397 0.005795 0.005120 0.004557 0.003935 0.003520 0.003735 0.003201 0.002791 0.002813 0.002684 0.002740 0.021310 
817.857143 3.141593 0.010375 0.009645 0.008904 0.007924 0.007130 0.006496 0.007773 0.006547 0.005975 0.005133 0.005853 0.005073 0.004466 0.003979 0.003582 0.003764 0.003185 0.002878 0.002906 0.002612 0.002726 0.021963 
878.571429 3.141593 0.010574 0.009534 0.008814 0.007768 0.006932 0.006345 0.007607 0.006559 0.005809 0.005242 0.005849 0.005090 0.004324 0.003933 0.003406 0.003522 0.003175 0.002843 0.002855 0.002650 0.002897 0.022093 
939.285714 3.141593 0.009994 0.009511 0.008687 0.007985 0.006983 0.006472 0.007324 0.006713 0.005929 0.005045 0.005815 0.004933 0.004331 0.003911 0.003530 0.003652 0.003195 0.002812 0.002878 0.002523 0.002782 0.022715 
1000.000000 3.141593 0.010018 0.009517 0.008688 0.007854 0.006978 0.006481 0.007527 0.006595 0.005758 0.005277 0.005666 0.004976 0.004249 0.004082 0.003327 0.003700 0.003411 0.002894 0.002862 0.002659 0.002824 0.023147 
