1.000000 0.009257 0.008799 0.007919 0.007467 0.006758 0.006304 0.007385 0.006627 0.005798 0.005255 0.005814 0.004793 0.004385 0.003911 0.003457 0.003578 0.003156 0.002636 0.002740 0.002250 0.002596 0.017805
56.50000 0.009427 0.008755 0.008092 0.007262 0.006895 0.006104 0.007523 0.006642 0.005778 0.005214 0.005634 0.005013 0.004230 0.003864 0.003475 0.003501 0.002946 0.002615 0.002641 0.002294 0.002553 0.018003
112.0000 0.009483 0.008880 0.007984 0.007639 0.006620 0.005974 0.007321 0.006651 0.005915 0.005331 0.005833 0.005056 0.004284 0.003774 0.003354 0.003674 0.003129 0.002533 0.002760 0.002360 0.002537 0.017762
167.5000 0.009523 0.008967 0.008105 0.007435 0.006627 0.006226 0.007445 0.006621 0.005826 0.005149 0.005844 0.005065 0.004247 0.003846 0.003350 0.003563 0.003181 0.002635 0.002699 0.002245 0.002565 0.018147
223.0000 0.009609 0.008615 0.008117 0.007496 0.006711 0.006345 0.007352 0.006500 0.005881 0.005259 0.005757 0.005096 0.004439 0.003836 0.003366 0.003612 0.003117 0.002661 0.002770 0.002262 0.002517 0.018200
278.5000 0.009468 0.008900 0.008271 0.007360 0.006663 0.006149 0.007426 0.006765 0.006022 0.005291 0.005862 0.005056 0.004576 0.003904 0.003400 0.003570 0.003018 0.002556 0.002717 0.002247 0.002516 0.018892
334.0000 0.009678 0.008756 0.007997 0.007433 0.006531 0.006076 0.007557 0.006556 0.005881 0.005435 0.005917 0.005050 0.004490 0.003837 0.003361 0.003654 0.003186 0.002751 0.002725 0.002518 0.002701 0.018888
389.5000 0.009376 0.008900 0.007846 0.007330 0.006842 0.006380 0.007478 0.006571 0.005972 0.005295 0.005904 0.005115 0.004448 0.003976 0.003518 0.003739 0.003117 0.002880 0.002805 0.002464 0.002657 0.019176
445.0000 0.009107 0.008599 0.008256 0.007236 0.006849 0.006260 0.007541 0.006760 0.005853 0.005343 0.005845 0.005321 0.004505 0.003997 0.003461 0.003528 0.003172 0.002805 0.002915 0.002466 0.002532 0.019405
500.5000 0.009364 0.008451 0.008374 0.006991 0.006826 0.006047 0.007493 0.006670 0.006082 0.005260 0.005977 0.005302 0.004552 0.003959 0.003554 0.003757 0.003265 0.002795 0.002805 0.002540 0.002755 0.019644
556.0000 0.009263 0.008635 0.007830 0.007376 0.006685 0.006360 0.007541 0.006711 0.006073 0.005384 0.005714 0.005210 0.004547 0.004013 0.003545 0.003782 0.003180 0.002921 0.002857 0.002427 0.002706 0.020129
611.5000 0.009162 0.008636 0.007958 0.007361 0.006827 0.006267 0.007488 0.006591 0.005886 0.005352 0.006020 0.005233 0.004581 0.004091 0.003680 0.003786 0.003431 0.002879 0.002814 0.002479 0.002937 0.020773
667.0000 0.009078 0.008785 0.008049 0.007250 0.006901 0.006184 0.007589 0.006917 0.005843 0.005363 0.006104 0.005126 0.004608 0.004241 0.003691 0.003755 0.003322 0.003061 0.003051 0.002595 0.002842 0.020539
722.5000 0.009385 0.008716 0.007893 0.007137 0.006751 0.006097 0.007598 0.006751 0.006011 0.005411 0.005912 0.005160 0.004690 0.004229 0.003586 0.003847 0.003309 0.002956 0.002884 0.002657 0.002892 0.021109
778.0000 0.009152 0.008398 0.007974 0.007308 0.006704 0.006320 0.007384 0.006844 0.006176 0.005471 0.006003 0.005182 0.004751 0.004181 0.003528 0.003968 0.003274 0.003019 0.003087 0.002724 0.002764 0.021614
833.5000 0.009020 0.008647 0.007649 0.007093 0.006531 0.006116 0.007362 0.006782 0.005823 0.005411 0.006144 0.005435 0.004540 0.004119 0.003753 0.003828 0.003422 0.003123 0.003001 0.002575 0.002816 0.021712
889.0000 0.009077 0.008534 0.007899 0.007042 0.006424 0.006240 0.007743 0.006555 0.006141 0.005407 0.006021 0.005300 0.004574 0.004193 0.003697 0.003932 0.003480 0.002942 0.003083 0.002673 0.003000 0.022223
944.5000 0.008910 0.008360 0.007786 0.007264 0.006672 0.006247 0.007429 0.006716 0.006157 0.005292 0.005876 0.005298 0.004623 0.004296 0.003622 0.003939 0.003415 0.002924 0.003096 0.002715 0.002850 0.022419
1000.000 0.008962 0.008296 0.007569 0.007232 0.006721 0.006082 0.007409 0.006710 0.005980 0.005298 0.006010 0.005280 0.004764 0.004092 0.003813 0.003903 0.003454 0.003084 0.003104 0.002691 0.003058 0.022090
