1.000000 0.009464 0.008745 0.008068 0.007659 0.006885 0.006225 0.007602 0.006556 0.005871 0.005244 0.005632 0.005156 0.004477 0.003792 0.003328 0.003569 0.003063 0.002573 0.002569 0.002286 0.002619 0.017539
56.50000 0.009259 0.008891 0.008032 0.007293 0.006949 0.006106 0.007474 0.006513 0.005574 0.005339 0.005728 0.004915 0.004459 0.003806 0.003310 0.003770 0.003149 0.002539 0.002663 0.002211 0.002565 0.017329
112.0000 0.009574 0.008568 0.007971 0.007336 0.006945 0.006284 0.007409 0.006665 0.005912 0.005333 0.005763 0.004952 0.004375 0.003803 0.003361 0.003461 0.002989 0.002668 0.002555 0.002218 0.002527 0.017975
167.5000 0.009524 0.008819 0.008124 0.007345 0.006718 0.006266 0.007566 0.006726 0.005808 0.005188 0.005684 0.005053 0.004414 0.003969 0.003402 0.003555 0.003063 0.002599 0.002737 0.002384 0.002476 0.018092
223.0000 0.009358 0.008683 0.008101 0.007552 0.006793 0.006227 0.007446 0.006568 0.005797 0.005220 0.005696 0.005160 0.004427 0.003943 0.003288 0.003431 0.003043 0.002782 0.002694 0.002270 0.002368 0.018276
278.5000 0.009522 0.008857 0.008146 0.007312 0.007063 0.006312 0.007346 0.006704 0.006190 0.005402 0.005696 0.004822 0.004523 0.003960 0.003348 0.003448 0.003133 0.002581 0.002645 0.002340 0.002631 0.018595
334.0000 0.009675 0.008633 0.008167 0.007580 0.006912 0.006203 0.007578 0.006651 0.005892 0.005235 0.005890 0.005137 0.004526 0.003952 0.003524 0.003813 0.003151 0.002801 0.002803 0.002392 0.002713 0.019048
389.5000 0.009285 0.008787 0.008098 0.007450 0.006845 0.006182 0.007745 0.006624 0.005992 0.005297 0.005889 0.005235 0.004365 0.004034 0.003542 0.003701 0.003159 0.002793 0.002803 0.002438 0.002634 0.019060
445.0000 0.009283 0.008739 0.007994 0.007179 0.007026 0.006312 0.007382 0.006613 0.005934 0.005374 0.005742 0.005129 0.004495 0.003927 0.003573 0.003686 0.003102 0.002714 0.003007 0.002511 0.002686 0.019642
500.5000 0.009244 0.008812 0.008099 0.007224 0.006497 0.006197 0.007501 0.006718 0.005968 0.005497 0.006149 0.005256 0.004727 0.003982 0.003458 0.003657 0.003243 0.002828 0.002862 0.002398 0.002717 0.019902
556.0000 0.009181 0.008595 0.008016 0.007294 0.006655 0.006224 0.007681 0.006454 0.005961 0.005589 0.006041 0.005308 0.004704 0.004041 0.003608 0.003600 0.003341 0.002855 0.002789 0.002475 0.002769 0.020337
611.5000 0.009226 0.008465 0.007968 0.007321 0.006824 0.006103 0.007468 0.006517 0.006101 0.005381 0.005931 0.005322 0.004492 0.003972 0.003679 0.003849 0.003436 0.002868 0.002862 0.002469 0.002814 0.020597
667.0000 0.008934 0.008607 0.008053 0.007475 0.006541 0.006198 0.007619 0.006628 0.006084 0.005455 0.005961 0.005417 0.004622 0.004071 0.003535 0.003719 0.003372 0.002892 0.002888 0.002672 0.002780 0.020951
722.5000 0.009024 0.008378 0.008089 0.007449 0.006652 0.006104 0.007479 0.006712 0.005936 0.005376 0.006004 0.005306 0.004643 0.004144 0.003626 0.003750 0.003409 0.002791 0.002984 0.002691 0.002916 0.021086
778.0000 0.009038 0.008641 0.007922 0.007444 0.006734 0.006035 0.007511 0.006615 0.005991 0.005465 0.006212 0.005353 0.004673 0.004209 0.003599 0.003894 0.003280 0.002977 0.003095 0.002591 0.002872 0.021169
833.5000 0.009051 0.008407 0.007895 0.007331 0.006597 0.006366 0.007263 0.006701 0.005890 0.005563 0.006035 0.005445 0.004698 0.004249 0.003721 0.003952 0.003406 0.003091 0.002968 0.002543 0.002928 0.021768
889.0000 0.008994 0.008414 0.007743 0.007328 0.006567 0.006105 0.007416 0.006677 0.005901 0.005415 0.006130 0.005283 0.004520 0.004006 0.003854 0.003793 0.003322 0.003117 0.003085 0.002760 0.003023 0.022254
944.5000 0.009022 0.008179 0.007888 0.007365 0.006702 0.006233 0.007427 0.006584 0.005960 0.005340 0.006080 0.005340 0.004870 0.004196 0.003690 0.003859 0.003560 0.002978 0.003070 0.002659 0.002920 0.022236
1000.000 0.009008 0.008206 0.007878 0.007204 0.006600 0.006235 0.007664 0.006739 0.005797 0.005240 0.005906 0.005368 0.004495 0.004158 0.003779 0.003943 0.003458 0.003050 0.002930 0.002611 0.002974 0.022329
