1.000000 0.000000 0.427100 
50.666667 0.000000 0.418395 
100.333333 0.000000 0.391225 
150.000000 0.000000 0.358348 
210.714286 0.000000 0.313376 
271.428571 0.000000 0.271375 
332.142857 0.000000 0.232284 
392.857143 0.000000 0.198149 
453.571429 0.000000 0.167992 
514.285714 0.000000 0.141607 
575.000000 0.000000 0.119539 
635.714286 0.000000 0.099974 
696.428571 0.000000 0.083814 
757.142857 0.000000 0.069932 
817.857143 0.000000 0.058323 
878.571429 0.000000 0.048640 
939.285714 0.000000 0.040264 
1000.000000 0.000000 0.033383 
1.000000 0.224399 0.427674 
50.666667 0.224399 0.420259 
100.333333 0.224399 0.396960 
150.000000 0.224399 0.354899 
210.714286 0.224399 0.313221 
271.428571 0.224399 0.273137 
332.142857 0.224399 0.234790 
392.857143 0.224399 0.201584 
453.571429 0.224399 0.170692 
514.285714 0.224399 0.144847 
575.000000 0.224399 0.122597 
635.714286 0.224399 0.103211 
696.428571 0.224399 0.086913 
757.142857 0.224399 0.073075 
817.857143 0.224399 0.061383 
878.571429 0.224399 0.051294 
939.285714 0.224399 0.042749 
1000.000000 0.224399 0.035495 
1.000000 0.448799 0.428248 
50.666667 0.448799 0.422123 
100.333333 0.448799 0.402696 
150.000000 0.448799 0.364450 
210.714286 0.448799 0.326150 
271.428571 0.448799 0.286771 
332.142857 0.448799 0.250109 
392.857143 0.448799 0.216285 
453.571429 0.448799 0.186174 
514.285714 0.448799 0.160369 
575.000000 0.448799 0.137040 
635.714286 0.448799 0.116478 
696.428571 0.448799 0.099097 
757.142857 0.448799 0.084130 
817.857143 0.448799 0.071391 
878.571429 0.448799 0.060053 
939.285714 0.448799 0.050928 
1000.000000 0.448799 0.042927 
1.000000 0.673198 0.428822 
50.666667 0.673198 0.423987 
100.333333 0.673198 0.408431 
150.000000 0.673198 0.375465 
210.714286 0.673198 0.341595 
271.428571 0.673198 0.305154 
332.142857 0.673198 0.268982 
392.857143 0.673198 0.236620 
453.571429 0.673198 0.207436 
514.285714 0.673198 0.179992 
575.000000 0.673198 0.155187 
635.714286 0.673198 0.134695 
696.428571 0.673198 0.116156 
757.142857 0.673198 0.099816 
817.857143 0.673198 0.085462 
878.571429 0.673198 0.073173 
939.285714 0.673198 0.062390 
1000.000000 0.673198 0.052893 
1.000000 0.897598 0.429395 
50.666667 0.897598 0.425851 
100.333333 0.897598 0.414166 
150.000000 0.897598 0.388579 
210.714286 0.897598 0.357040 
271.428571 0.897598 0.324571 
332.142857 0.897598 0.291168 
392.857143 0.897598 0.260233 
453.571429 0.897598 0.230606 
514.285714 0.897598 0.202566 
575.000000 0.897598 0.177709 
635.714286 0.897598 0.156151 
696.428571 0.897598 0.135545 
757.142857 0.897598 0.117797 
817.857143 0.897598 0.101621 
878.571429 0.897598 0.087710 
939.285714 0.897598 0.075285 
1000.000000 0.897598 0.064666 
1.000000 1.121997 0.429705 
50.666667 1.121997 0.427078 
100.333333 1.121997 0.417843 
150.000000 1.121997 0.400088 
210.714286 1.121997 0.373535 
271.428571 1.121997 0.344706 
332.142857 1.121997 0.310710 
392.857143 1.121997 0.281413 
453.571429 1.121997 0.252117 
514.285714 1.121997 0.224335 
575.000000 1.121997 0.197780 
635.714286 1.121997 0.174093 
696.428571 1.121997 0.153694 
757.142857 1.121997 0.133279 
817.857143 1.121997 0.116081 
878.571429 1.121997 0.100885 
939.285714 1.121997 0.087161 
1000.000000 1.121997 0.075040 
1.000000 1.346397 0.429486 
50.666667 1.346397 0.427029 
100.333333 1.346397 0.417401 
150.000000 1.346397 0.402506 
210.714286 1.346397 0.380964 
271.428571 1.346397 0.354846 
332.142857 1.346397 0.324221 
392.857143 1.346397 0.294821 
453.571429 1.346397 0.264648 
514.285714 1.346397 0.236568 
575.000000 1.346397 0.208898 
635.714286 1.346397 0.185687 
696.428571 1.346397 0.162989 
757.142857 1.346397 0.143177 
817.857143 1.346397 0.125373 
878.571429 1.346397 0.108985 
939.285714 1.346397 0.094516 
1000.000000 1.346397 0.081865 
1.000000 1.570796 0.429267 
50.666667 1.570796 0.426980 
100.333333 1.570796 0.416959 
150.000000 1.570796 0.411418 
210.714286 1.570796 0.387425 
271.428571 1.570796 0.361523 
332.142857 1.570796 0.331686 
392.857143 1.570796 0.302416 
453.571429 1.570796 0.271894 
514.285714 1.570796 0.243778 
575.000000 1.570796 0.216930 
635.714286 1.570796 0.192563 
696.428571 1.570796 0.169583 
757.142857 1.570796 0.148534 
817.857143 1.570796 0.129775 
878.571429 1.570796 0.113162 
939.285714 1.570796 0.098610 
1000.000000 1.570796 0.084436 
1.000000 1.795196 0.429048 
50.666667 1.795196 0.426930 
100.333333 1.795196 0.416517 
150.000000 1.795196 0.405642 
210.714286 1.795196 0.381645 
271.428571 1.795196 0.354676 
332.142857 1.795196 0.323681 
392.857143 1.795196 0.293528 
453.571429 1.795196 0.264864 
514.285714 1.795196 0.236775 
575.000000 1.795196 0.210192 
635.714286 1.795196 0.185302 
696.428571 1.795196 0.163084 
757.142857 1.795196 0.142787 
817.857143 1.795196 0.124706 
878.571429 1.795196 0.108670 
939.285714 1.795196 0.094423 
1000.000000 1.795196 0.081868 
1.000000 2.019595 0.428829 
50.666667 2.019595 0.426881 
100.333333 2.019595 0.416075 
150.000000 2.019595 0.397776 
210.714286 2.019595 0.371982 
271.428571 2.019595 0.343564 
332.142857 2.019595 0.310620 
392.857143 2.019595 0.281557 
453.571429 2.019595 0.251461 
514.285714 2.019595 0.224294 
575.000000 2.019595 0.198341 
635.714286 2.019595 0.174023 
696.428571 2.019595 0.152525 
757.142857 2.019595 0.133677 
817.857143 2.019595 0.115765 
878.571429 2.019595 0.100728 
939.285714 2.019595 0.087455 
1000.000000 2.019595 0.075279 
1.000000 2.243995 0.428406 
50.666667 2.243995 0.425660 
100.333333 2.243995 0.412462 
150.000000 2.243995 0.387082 
210.714286 2.243995 0.357700 
271.428571 2.243995 0.324364 
332.142857 2.243995 0.290492 
392.857143 2.243995 0.259576 
453.571429 2.243995 0.230640 
514.285714 2.243995 0.203284 
575.000000 2.243995 0.178209 
635.714286 2.243995 0.155181 
696.428571 2.243995 0.135484 
757.142857 2.243995 0.117131 
817.857143 2.243995 0.101674 
878.571429 2.243995 0.087601 
939.285714 2.243995 0.075290 
1000.000000 2.243995 0.064719 
1.000000 2.468394 0.427881 
50.666667 2.468394 0.423853 
100.333333 2.468394 0.407263 
150.000000 2.468394 0.375896 
210.714286 2.468394 0.341844 
271.428571 2.468394 0.305347 
332.142857 2.468394 0.270240 
392.857143 2.468394 0.236227 
453.571429 2.468394 0.206678 
514.285714 2.468394 0.179506 
575.000000 2.468394 0.156119 
635.714286 2.468394 0.134938 
696.428571 2.468394 0.116115 
757.142857 2.468394 0.099816 
817.857143 2.468394 0.085182 
878.571429 2.468394 0.072901 
939.285714 2.468394 0.062339 
1000.000000 2.468394 0.053057 
1.000000 2.692794 0.427356 
50.666667 2.692794 0.422046 
100.333333 2.692794 0.402065 
150.000000 2.692794 0.365933 
210.714286 2.692794 0.325989 
271.428571 2.692794 0.286329 
332.142857 2.692794 0.249989 
392.857143 2.692794 0.216335 
453.571429 2.692794 0.186768 
514.285714 2.692794 0.160065 
575.000000 2.692794 0.136659 
635.714286 2.692794 0.116346 
696.428571 2.692794 0.098993 
757.142857 2.692794 0.084293 
817.857143 2.692794 0.071294 
878.571429 2.692794 0.060231 
939.285714 2.692794 0.050861 
1000.000000 2.692794 0.042828 
1.000000 2.917193 0.426831 
50.666667 2.917193 0.420239 
100.333333 2.917193 0.396866 
150.000000 2.917193 0.356333 
210.714286 2.917193 0.314688 
271.428571 2.917193 0.272867 
332.142857 2.917193 0.234741 
392.857143 2.917193 0.201369 
453.571429 2.917193 0.171421 
514.285714 2.917193 0.145074 
575.000000 2.917193 0.122199 
635.714286 2.917193 0.103574 
696.428571 2.917193 0.086720 
757.142857 2.917193 0.072783 
817.857143 2.917193 0.061174 
878.571429 2.917193 0.051296 
939.285714 2.917193 0.042747 
1000.000000 2.917193 0.035552 
1.000000 3.141593 0.426306 
50.666667 3.141593 0.418432 
100.333333 3.141593 0.391667 
150.000000 3.141593 0.357003 
210.714286 3.141593 0.313991 
271.428571 3.141593 0.271221 
332.142857 3.141593 0.233165 
392.857143 3.141593 0.197637 
453.571429 3.141593 0.167546 
514.285714 3.141593 0.141802 
575.000000 3.141593 0.119340 
635.714286 3.141593 0.099681 
696.428571 3.141593 0.083780 
757.142857 3.141593 0.069937 
817.857143 3.141593 0.058153 
878.571429 3.141593 0.048610 
939.285714 3.141593 0.040362 
1000.000000 3.141593 0.033419 
