1.000000 0.000000 0.087474 0.153120 0.141218 0.114496 0.156954 0.091086 0.054606 0.032382 0.020046 0.012376 0.021568 
50.666667 0.000000 0.086328 0.150879 0.140111 0.114261 0.158438 0.092490 0.054502 0.032558 0.020650 0.012725 0.022053 
100.333333 0.000000 0.084643 0.148270 0.139179 0.113995 0.158455 0.094053 0.055631 0.033308 0.020995 0.013046 0.023139 
150.000000 0.000000 0.082878 0.144699 0.136564 0.112851 0.160687 0.095789 0.057586 0.035011 0.021543 0.013442 0.023958 
210.714286 0.000000 0.080837 0.140611 0.133897 0.112668 0.161014 0.097736 0.059306 0.036362 0.022455 0.014078 0.025270 
271.428571 0.000000 0.079097 0.136649 0.133065 0.112066 0.161862 0.098976 0.060123 0.037550 0.023337 0.015001 0.027000 
332.142857 0.000000 0.077102 0.134176 0.130793 0.112191 0.162336 0.099927 0.061711 0.038552 0.024093 0.015682 0.028789 
392.857143 0.000000 0.076152 0.131225 0.129382 0.110146 0.162667 0.101181 0.062274 0.039354 0.024902 0.016085 0.030415 
453.571429 0.000000 0.074253 0.129288 0.127164 0.109486 0.162413 0.102637 0.064848 0.040885 0.026208 0.016727 0.032073 
514.285714 0.000000 0.073226 0.126999 0.126752 0.108711 0.162721 0.102810 0.065028 0.041315 0.026819 0.017324 0.033120 
575.000000 0.000000 0.072814 0.125652 0.125158 0.107863 0.162332 0.104021 0.065961 0.042191 0.027254 0.017792 0.034123 
635.714286 0.000000 0.072193 0.123972 0.124100 0.108773 0.162251 0.104135 0.066423 0.042988 0.027485 0.018033 0.035209 
696.428571 0.000000 0.071132 0.123091 0.123154 0.108303 0.162829 0.104263 0.066848 0.042839 0.028297 0.018474 0.036201 
757.142857 0.000000 0.069935 0.122719 0.122356 0.107707 0.162315 0.105352 0.067258 0.043326 0.028532 0.018493 0.037139 
817.857143 0.000000 0.069908 0.120748 0.122584 0.107323 0.162626 0.105223 0.068245 0.044047 0.028967 0.018984 0.037776 
878.571429 0.000000 0.069401 0.120051 0.120990 0.106694 0.163628 0.105648 0.068170 0.044084 0.029174 0.019547 0.038734 
939.285714 0.000000 0.068634 0.119422 0.121125 0.106452 0.162464 0.106652 0.068806 0.045051 0.029347 0.019644 0.039384 
1000.000000 0.000000 0.068356 0.119156 0.120720 0.105998 0.162542 0.106416 0.068892 0.045536 0.029364 0.019674 0.040462 
1.000000 0.224399 0.087590 0.153091 0.141082 0.114345 0.157136 0.091187 0.054557 0.032413 0.019956 0.012371 0.021608 
50.666667 0.224399 0.086511 0.151244 0.140111 0.114182 0.158359 0.092531 0.054465 0.032607 0.020510 0.012550 0.021969 
100.333333 0.224399 0.084908 0.148667 0.139333 0.114166 0.158386 0.093916 0.055498 0.033259 0.020866 0.012973 0.022904 
150.000000 0.224399 0.082612 0.144688 0.137693 0.113622 0.159925 0.095886 0.057349 0.034935 0.021303 0.013267 0.023867 
210.714286 0.224399 0.080425 0.140789 0.134727 0.112888 0.161694 0.097715 0.058826 0.036264 0.022328 0.014230 0.025513 
271.428571 0.224399 0.078938 0.136954 0.132750 0.111936 0.161711 0.099585 0.060666 0.037078 0.023300 0.014944 0.026735 
332.142857 0.224399 0.076397 0.133936 0.131034 0.111162 0.161796 0.100239 0.062168 0.038437 0.024436 0.015590 0.028523 
392.857143 0.224399 0.075837 0.131800 0.128117 0.111231 0.162000 0.101527 0.063231 0.039843 0.025103 0.016067 0.030008 
453.571429 0.224399 0.075178 0.129504 0.128035 0.109221 0.162250 0.101880 0.063910 0.040697 0.025986 0.016843 0.031434 
514.285714 0.224399 0.073565 0.127966 0.126717 0.109244 0.162241 0.102611 0.064585 0.041506 0.026488 0.017147 0.032956 
575.000000 0.224399 0.072424 0.126243 0.125208 0.109121 0.162711 0.103546 0.065146 0.041777 0.027206 0.017625 0.034162 
635.714286 0.224399 0.071476 0.124310 0.124450 0.108273 0.162649 0.104118 0.066106 0.042604 0.027695 0.018212 0.035101 
696.428571 0.224399 0.070720 0.123120 0.124392 0.107992 0.162374 0.104413 0.067098 0.042985 0.027937 0.018417 0.036136 
757.142857 0.224399 0.070253 0.122176 0.123343 0.107539 0.162356 0.105007 0.067635 0.043275 0.028647 0.018711 0.037145 
817.857143 0.224399 0.069710 0.121216 0.122741 0.107636 0.162082 0.105603 0.067346 0.043918 0.029115 0.018973 0.037705 
878.571429 0.224399 0.068793 0.119900 0.121119 0.107323 0.161806 0.105450 0.068714 0.044221 0.029371 0.019262 0.039059 
939.285714 0.224399 0.069031 0.119650 0.120912 0.106951 0.162299 0.106108 0.068795 0.044377 0.029348 0.019305 0.039349 
1000.000000 0.224399 0.068780 0.118987 0.120712 0.106819 0.162264 0.106001 0.069390 0.045040 0.029658 0.019756 0.039635 
1.000000 0.448799 0.087706 0.153062 0.140946 0.114194 0.157317 0.091288 0.054507 0.032444 0.019866 0.012367 0.021649 
50.666667 0.448799 0.086695 0.151609 0.140111 0.114102 0.158280 0.092572 0.054428 0.032655 0.020370 0.012376 0.021885 
100.333333 0.448799 0.085172 0.149064 0.139487 0.114337 0.158316 0.093778 0.055365 0.033211 0.020737 0.012901 0.022669 
150.000000 0.448799 0.083588 0.145815 0.138280 0.113789 0.159018 0.094630 0.056609 0.034772 0.021454 0.013304 0.023836 
210.714286 0.448799 0.081595 0.141730 0.134567 0.113350 0.161619 0.096397 0.058691 0.035651 0.022152 0.013922 0.025025 
271.428571 0.448799 0.079382 0.138120 0.133161 0.112217 0.161631 0.098500 0.060048 0.036991 0.023097 0.014761 0.026537 
332.142857 0.448799 0.077193 0.134904 0.130868 0.111960 0.161925 0.100231 0.061452 0.038773 0.023952 0.015170 0.027779 
392.857143 0.448799 0.076114 0.132723 0.129940 0.110676 0.161993 0.100840 0.062921 0.039198 0.024744 0.015957 0.029562 
453.571429 0.448799 0.074561 0.130552 0.128677 0.110140 0.162005 0.102142 0.063544 0.039951 0.025872 0.016690 0.030967 
514.285714 0.448799 0.073902 0.128517 0.127224 0.109358 0.162230 0.102595 0.064401 0.040882 0.026526 0.016945 0.031968 
575.000000 0.448799 0.072447 0.126336 0.126217 0.109053 0.162848 0.103514 0.064954 0.041762 0.026875 0.017479 0.033545 
635.714286 0.448799 0.071641 0.125287 0.124976 0.108549 0.162540 0.103702 0.066032 0.042284 0.027453 0.017777 0.034712 
696.428571 0.448799 0.071155 0.124677 0.123591 0.107938 0.162229 0.104401 0.067213 0.042613 0.027781 0.018132 0.035541 
757.142857 0.448799 0.070745 0.122751 0.123062 0.107847 0.162177 0.105241 0.067468 0.043045 0.028214 0.018678 0.036188 
817.857143 0.448799 0.069727 0.121261 0.122604 0.107665 0.161958 0.105281 0.067468 0.043848 0.028481 0.019097 0.037572 
878.571429 0.448799 0.068831 0.120574 0.122068 0.107669 0.162471 0.105239 0.068051 0.044388 0.028754 0.019013 0.038696 
939.285714 0.448799 0.069156 0.120020 0.121495 0.107028 0.162420 0.105451 0.068573 0.044444 0.029469 0.018944 0.038883 
1000.000000 0.448799 0.068919 0.120120 0.120781 0.107034 0.162027 0.105833 0.068636 0.044634 0.029383 0.019648 0.039463 
1.000000 0.673198 0.087822 0.153033 0.140810 0.114043 0.157499 0.091389 0.054458 0.032475 0.019776 0.012362 0.021689 
50.666667 0.673198 0.086878 0.151974 0.140111 0.114022 0.158201 0.092613 0.054390 0.032704 0.020230 0.012201 0.021801 
100.333333 0.673198 0.085436 0.149461 0.139641 0.114508 0.158247 0.093641 0.055231 0.033162 0.020608 0.012828 0.022433 
150.000000 0.673198 0.084024 0.146424 0.138264 0.114267 0.159382 0.094876 0.055872 0.034258 0.020862 0.013180 0.023461 
210.714286 0.673198 0.082236 0.143206 0.135570 0.113865 0.160413 0.096135 0.057984 0.035355 0.021954 0.013752 0.024368 
271.428571 0.673198 0.079526 0.139004 0.134107 0.112253 0.161464 0.098273 0.059645 0.036582 0.023214 0.014330 0.025912 
332.142857 0.673198 0.078373 0.136555 0.132235 0.112657 0.161898 0.098919 0.060766 0.037447 0.023993 0.015133 0.027260 
392.857143 0.673198 0.077371 0.132390 0.130681 0.111518 0.162168 0.101157 0.062144 0.038210 0.024197 0.015687 0.028656 
453.571429 0.673198 0.075756 0.130851 0.128958 0.110232 0.161979 0.101781 0.063237 0.039673 0.025388 0.016283 0.029880 
514.285714 0.673198 0.074462 0.128908 0.127993 0.109740 0.162294 0.102630 0.064206 0.040570 0.025870 0.016869 0.031521 
575.000000 0.673198 0.073000 0.127676 0.126738 0.109330 0.162595 0.103044 0.064568 0.041388 0.026424 0.017194 0.032595 
635.714286 0.673198 0.072222 0.125420 0.125380 0.109528 0.162172 0.103793 0.065595 0.042207 0.026835 0.017402 0.034113 
696.428571 0.673198 0.071868 0.124374 0.124527 0.109481 0.161818 0.104046 0.066256 0.042413 0.027472 0.017863 0.035059 
757.142857 0.673198 0.071045 0.123358 0.123829 0.108261 0.162270 0.104795 0.066476 0.043013 0.028030 0.018397 0.036078 
817.857143 0.673198 0.070651 0.122119 0.122983 0.107324 0.162718 0.104875 0.067136 0.043508 0.028283 0.018674 0.037056 
878.571429 0.673198 0.069834 0.120183 0.121888 0.107601 0.162590 0.105370 0.067704 0.044230 0.028988 0.019123 0.037909 
939.285714 0.673198 0.069546 0.119721 0.121638 0.107515 0.162583 0.105691 0.067790 0.044080 0.029031 0.019175 0.038932 
1000.000000 0.673198 0.069341 0.120265 0.121728 0.106607 0.162086 0.105366 0.068328 0.044623 0.029307 0.019039 0.039296 
1.000000 0.897598 0.087939 0.153003 0.140675 0.113893 0.157681 0.091491 0.054409 0.032505 0.019686 0.012357 0.021729 
50.666667 0.897598 0.087061 0.152339 0.140111 0.113942 0.158121 0.092653 0.054353 0.032753 0.020090 0.012027 0.021717 
100.333333 0.897598 0.085700 0.149858 0.139795 0.114679 0.158177 0.093504 0.055098 0.033113 0.020479 0.012755 0.022198 
150.000000 0.897598 0.084778 0.147073 0.139419 0.113981 0.159651 0.094107 0.055699 0.034119 0.020650 0.012950 0.022932 
210.714286 0.897598 0.081849 0.143043 0.137142 0.113293 0.160510 0.095954 0.057725 0.035256 0.021916 0.013644 0.024352 
271.428571 0.897598 0.080855 0.140316 0.135141 0.113383 0.160775 0.097242 0.058698 0.036196 0.022681 0.013985 0.025342 
332.142857 0.897598 0.078866 0.137443 0.133396 0.112113 0.161462 0.098969 0.060535 0.037514 0.023143 0.014552 0.026433 
392.857143 0.897598 0.077089 0.134677 0.131783 0.111672 0.161860 0.100263 0.061332 0.038382 0.024247 0.015366 0.027910 
453.571429 0.897598 0.075856 0.131960 0.129542 0.110602 0.162744 0.101076 0.062618 0.039674 0.024929 0.015894 0.029916 
514.285714 0.897598 0.074292 0.129936 0.128557 0.109818 0.162230 0.102401 0.064107 0.040030 0.025794 0.016270 0.030990 
575.000000 0.897598 0.073853 0.128147 0.127626 0.109396 0.162637 0.102529 0.064277 0.040466 0.026227 0.016722 0.032069 
635.714286 0.897598 0.073229 0.126798 0.126140 0.108797 0.162220 0.103759 0.065368 0.041250 0.026809 0.017231 0.033158 
696.428571 0.897598 0.071810 0.125607 0.124748 0.108443 0.162569 0.104333 0.065740 0.041961 0.027435 0.017859 0.034321 
757.142857 0.897598 0.071330 0.123588 0.124063 0.108383 0.162724 0.104347 0.066416 0.042866 0.027581 0.018399 0.035428 
817.857143 0.897598 0.070991 0.122901 0.123647 0.107822 0.162084 0.104542 0.067137 0.043408 0.027927 0.018596 0.036257 
878.571429 0.897598 0.070342 0.121307 0.123467 0.107072 0.161740 0.104999 0.067531 0.043783 0.028547 0.018591 0.037519 
939.285714 0.897598 0.069757 0.120215 0.121710 0.107943 0.161926 0.105291 0.068082 0.044222 0.028840 0.019038 0.038256 
1000.000000 0.897598 0.068968 0.121809 0.121721 0.106518 0.162641 0.105768 0.067566 0.043842 0.029170 0.019441 0.038875 
1.000000 1.121997 0.088021 0.152937 0.140646 0.113883 0.157730 0.091547 0.054314 0.032498 0.019647 0.012365 0.021730 
50.666667 1.121997 0.087173 0.152551 0.140178 0.113911 0.158039 0.092672 0.054306 0.032785 0.019975 0.011947 0.021652 
100.333333 1.121997 0.085935 0.150140 0.139909 0.114725 0.158190 0.093392 0.055004 0.033066 0.020359 0.012710 0.022042 
150.000000 1.121997 0.085089 0.148053 0.139174 0.114049 0.159735 0.093339 0.055862 0.033646 0.020385 0.012866 0.022639 
210.714286 1.121997 0.083221 0.144791 0.137411 0.113403 0.160484 0.095457 0.057104 0.034630 0.021362 0.013298 0.023785 
271.428571 1.121997 0.080747 0.141734 0.136025 0.113010 0.160917 0.097054 0.058417 0.035772 0.022523 0.014012 0.024844 
332.142857 1.121997 0.079331 0.138389 0.133800 0.112724 0.162149 0.098493 0.059834 0.036851 0.023262 0.014438 0.026162 
392.857143 1.121997 0.077828 0.136031 0.132127 0.111602 0.162064 0.099165 0.061064 0.038045 0.024031 0.015287 0.027273 
453.571429 1.121997 0.076060 0.133096 0.129771 0.111842 0.162467 0.100544 0.062091 0.038871 0.025084 0.015439 0.029037 
514.285714 1.121997 0.074960 0.131247 0.128753 0.110778 0.162560 0.101021 0.063250 0.039972 0.025264 0.016410 0.030490 
575.000000 1.121997 0.074419 0.129225 0.127452 0.109421 0.162004 0.102278 0.064501 0.040727 0.025765 0.016846 0.031614 
635.714286 1.121997 0.073288 0.127113 0.126623 0.109224 0.162054 0.103497 0.064663 0.041436 0.026500 0.017085 0.032813 
696.428571 1.121997 0.073162 0.125548 0.125208 0.109071 0.161811 0.104012 0.065317 0.042067 0.027225 0.017519 0.033865 
757.142857 1.121997 0.071940 0.124327 0.124119 0.108182 0.162034 0.104613 0.066288 0.042361 0.027539 0.018076 0.034932 
817.857143 1.121997 0.071280 0.123294 0.124311 0.107232 0.162849 0.104347 0.066895 0.043000 0.027813 0.018378 0.036004 
878.571429 1.121997 0.070149 0.121952 0.122888 0.107909 0.162525 0.105178 0.067331 0.043309 0.028542 0.018691 0.036829 
939.285714 1.121997 0.070192 0.121317 0.121781 0.107324 0.162994 0.105849 0.067147 0.043901 0.028403 0.019027 0.037601 
1000.000000 1.121997 0.069621 0.119972 0.121717 0.107443 0.162505 0.105212 0.068321 0.044218 0.029198 0.019184 0.038245 
1.000000 1.346397 0.088035 0.152795 0.140833 0.114157 0.157515 0.091516 0.054127 0.032416 0.019709 0.012398 0.021653 
50.666667 1.346397 0.087143 0.152458 0.140380 0.113978 0.157952 0.092646 0.054241 0.032783 0.019909 0.012058 0.021626 
100.333333 1.346397 0.086111 0.150192 0.139943 0.114521 0.158370 0.093334 0.054990 0.033020 0.020258 0.012720 0.022045 
150.000000 1.346397 0.086115 0.148295 0.138883 0.114558 0.159328 0.092901 0.055452 0.033511 0.020557 0.012847 0.022610 
210.714286 1.346397 0.083586 0.145904 0.137476 0.113806 0.159827 0.095290 0.056681 0.034189 0.021316 0.013256 0.023342 
271.428571 1.346397 0.082062 0.141968 0.136669 0.113403 0.160493 0.096984 0.058224 0.035383 0.021908 0.013596 0.024370 
332.142857 1.346397 0.079586 0.138055 0.134017 0.113098 0.161652 0.098232 0.059564 0.036631 0.022850 0.014639 0.026029 
392.857143 1.346397 0.078243 0.136205 0.132646 0.111939 0.162097 0.098827 0.061109 0.037655 0.023731 0.015205 0.027094 
453.571429 1.346397 0.076505 0.134859 0.130726 0.111126 0.161722 0.100087 0.062043 0.038694 0.024587 0.015660 0.028664 
514.285714 1.346397 0.075554 0.131758 0.129117 0.110954 0.162114 0.100458 0.063063 0.039797 0.025511 0.016225 0.029963 
575.000000 1.346397 0.074546 0.129278 0.127502 0.110095 0.162376 0.101934 0.064427 0.040739 0.026094 0.016566 0.031207 
635.714286 1.346397 0.073448 0.128010 0.126844 0.109233 0.161762 0.102741 0.064509 0.041531 0.026631 0.016768 0.032637 
696.428571 1.346397 0.072570 0.125720 0.125642 0.109278 0.162037 0.103343 0.065357 0.041883 0.027029 0.017570 0.033778 
757.142857 1.346397 0.071824 0.124898 0.124128 0.108727 0.162825 0.103805 0.066239 0.042000 0.027429 0.018181 0.034778 
817.857143 1.346397 0.070681 0.123731 0.123950 0.107445 0.162415 0.104315 0.066648 0.043012 0.027789 0.018463 0.036100 
878.571429 1.346397 0.070440 0.122647 0.124100 0.107362 0.162869 0.104554 0.066966 0.043248 0.028606 0.018561 0.036680 
939.285714 1.346397 0.070021 0.121831 0.122584 0.107222 0.162632 0.105706 0.067597 0.043490 0.028535 0.019119 0.037232 
1000.000000 1.346397 0.069547 0.120838 0.123001 0.107166 0.162496 0.104836 0.068125 0.044025 0.029032 0.019012 0.038273 
1.000000 1.570796 0.088049 0.152654 0.141019 0.114431 0.157299 0.091484 0.053941 0.032333 0.019772 0.012431 0.021576 
50.666667 1.570796 0.087113 0.152365 0.140582 0.114044 0.157865 0.092620 0.054176 0.032781 0.019844 0.012168 0.021600 
100.333333 1.570796 0.086288 0.150245 0.139978 0.114317 0.158549 0.093275 0.054975 0.032975 0.020156 0.012730 0.022047 
150.000000 1.570796 0.084832 0.148683 0.140040 0.113836 0.159469 0.093574 0.054928 0.033545 0.020672 0.012696 0.022488 
210.714286 1.570796 0.083366 0.145835 0.138230 0.114490 0.159605 0.095204 0.056548 0.033866 0.021015 0.013285 0.023327 
271.428571 1.570796 0.082063 0.141911 0.136270 0.113388 0.161064 0.097170 0.058143 0.035117 0.021878 0.013907 0.024217 
332.142857 1.570796 0.079821 0.139608 0.133646 0.112402 0.162365 0.098027 0.059658 0.036690 0.022812 0.014163 0.025784 
392.857143 1.570796 0.078289 0.135946 0.132347 0.112398 0.162200 0.098980 0.060816 0.037866 0.023463 0.014914 0.027633 
453.571429 1.570796 0.077183 0.134329 0.130965 0.111743 0.161740 0.099727 0.062035 0.038433 0.024259 0.015582 0.028425 
514.285714 1.570796 0.075355 0.131424 0.129386 0.110568 0.162236 0.102009 0.063643 0.039632 0.025162 0.016032 0.029726 
575.000000 1.570796 0.074319 0.129400 0.127973 0.109897 0.162210 0.101948 0.063979 0.040728 0.026155 0.016660 0.031335 
635.714286 1.570796 0.073383 0.127406 0.127586 0.109803 0.161597 0.103174 0.064956 0.041227 0.026301 0.016845 0.031997 
696.428571 1.570796 0.072463 0.126353 0.126179 0.109287 0.162434 0.103072 0.066115 0.041887 0.026356 0.017337 0.033203 
757.142857 1.570796 0.071644 0.125247 0.124239 0.108784 0.162761 0.103610 0.066319 0.042328 0.027101 0.018000 0.034740 
817.857143 1.570796 0.070768 0.123814 0.123635 0.108433 0.163210 0.103917 0.066211 0.042648 0.027901 0.018529 0.035973 
878.571429 1.570796 0.070150 0.122271 0.122680 0.107751 0.162406 0.105577 0.067802 0.043487 0.028268 0.018525 0.036702 
939.285714 1.570796 0.069426 0.121422 0.123256 0.107480 0.162224 0.105467 0.067946 0.043745 0.028338 0.018770 0.037550 
1000.000000 1.570796 0.069790 0.120822 0.121202 0.106290 0.162792 0.105738 0.068150 0.044094 0.028864 0.019172 0.038714 
1.000000 1.795196 0.088063 0.152513 0.141205 0.114705 0.157083 0.091452 0.053755 0.032250 0.019835 0.012464 0.021499 
50.666667 1.795196 0.087083 0.152271 0.140784 0.114111 0.157778 0.092594 0.054110 0.032780 0.019778 0.012279 0.021574 
100.333333 1.795196 0.086464 0.150297 0.140012 0.114113 0.158728 0.093217 0.054960 0.032929 0.020055 0.012739 0.022050 
150.000000 1.795196 0.084965 0.149417 0.139721 0.114118 0.159079 0.092968 0.055472 0.033283 0.020349 0.012982 0.022629 
210.714286 1.795196 0.083123 0.145745 0.137479 0.114161 0.160279 0.095360 0.056345 0.034265 0.021432 0.013074 0.023390 
271.428571 1.795196 0.081727 0.142640 0.135352 0.113300 0.160599 0.096708 0.058096 0.035710 0.022274 0.014096 0.024275 
332.142857 1.795196 0.079999 0.139141 0.133640 0.113272 0.161166 0.098137 0.059771 0.036516 0.022758 0.014703 0.025702 
392.857143 1.795196 0.078498 0.136939 0.131859 0.112097 0.161502 0.099054 0.060661 0.037780 0.024025 0.014961 0.027296 
453.571429 1.795196 0.076817 0.133773 0.130838 0.111108 0.161508 0.100939 0.062049 0.038862 0.024670 0.015516 0.028570 
514.285714 1.795196 0.075821 0.130738 0.129682 0.110545 0.161947 0.101287 0.063183 0.039878 0.025039 0.016016 0.029890 
575.000000 1.795196 0.074648 0.128844 0.127934 0.109777 0.162620 0.102783 0.063915 0.040314 0.025776 0.016605 0.031380 
635.714286 1.795196 0.073163 0.127629 0.126939 0.109223 0.162009 0.103487 0.064953 0.041308 0.026588 0.017060 0.032523 
696.428571 1.795196 0.072628 0.126538 0.125198 0.108784 0.161739 0.103835 0.065762 0.041892 0.026935 0.017631 0.033666 
757.142857 1.795196 0.071650 0.125485 0.124500 0.108300 0.162792 0.103709 0.065919 0.042619 0.027480 0.017841 0.034781 
817.857143 1.795196 0.070590 0.123533 0.123744 0.108088 0.162233 0.104312 0.067176 0.043398 0.028167 0.018250 0.036055 
878.571429 1.795196 0.071144 0.121969 0.122690 0.108003 0.161752 0.104789 0.067499 0.043706 0.028380 0.018462 0.036934 
939.285714 1.795196 0.070616 0.121299 0.122427 0.107437 0.162233 0.105171 0.067820 0.043848 0.028413 0.018875 0.037503 
1000.000000 1.795196 0.069645 0.120506 0.121573 0.107554 0.161608 0.105857 0.068592 0.044411 0.028903 0.019060 0.038384 
1.000000 2.019595 0.088077 0.152371 0.141392 0.114979 0.156868 0.091421 0.053568 0.032168 0.019897 0.012497 0.021422 
50.666667 2.019595 0.087053 0.152178 0.140985 0.114177 0.157690 0.092568 0.054045 0.032778 0.019712 0.012389 0.021548 
100.333333 2.019595 0.086641 0.150349 0.140047 0.113909 0.158907 0.093158 0.054945 0.032884 0.019953 0.012749 0.022052 
150.000000 2.019595 0.084932 0.148573 0.139452 0.114034 0.158435 0.093862 0.055683 0.033987 0.020607 0.012847 0.022542 
210.714286 2.019595 0.082851 0.144791 0.137629 0.113670 0.160114 0.095200 0.057213 0.034604 0.021483 0.013416 0.023775 
271.428571 2.019595 0.081491 0.141748 0.135439 0.113290 0.161056 0.097106 0.058394 0.035828 0.022391 0.014012 0.024392 
332.142857 2.019595 0.079842 0.138220 0.133251 0.112529 0.161682 0.098218 0.059849 0.037035 0.023217 0.014774 0.025886 
392.857143 2.019595 0.078232 0.135681 0.132045 0.111815 0.162330 0.099484 0.060881 0.037497 0.023957 0.015075 0.027550 
453.571429 2.019595 0.076409 0.132715 0.130661 0.111040 0.162497 0.100914 0.062311 0.039333 0.024724 0.015551 0.028682 
514.285714 2.019595 0.075758 0.131152 0.128559 0.110392 0.162060 0.102068 0.063403 0.039737 0.025185 0.016387 0.030084 
575.000000 2.019595 0.074257 0.128514 0.128047 0.110003 0.162116 0.102632 0.064414 0.040616 0.025886 0.016664 0.031539 
635.714286 2.019595 0.073039 0.127112 0.126167 0.109243 0.162721 0.102938 0.065149 0.041562 0.026821 0.017206 0.032779 
696.428571 2.019595 0.072550 0.125972 0.125493 0.108303 0.161933 0.103538 0.065462 0.042525 0.027313 0.017532 0.034109 
757.142857 2.019595 0.071923 0.124597 0.124811 0.108247 0.162160 0.103802 0.066472 0.042563 0.027437 0.017996 0.034926 
817.857143 2.019595 0.071009 0.122972 0.123749 0.107872 0.161843 0.104954 0.067024 0.042708 0.028188 0.018435 0.036156 
878.571429 2.019595 0.070357 0.122029 0.122904 0.107399 0.162035 0.104529 0.067511 0.043428 0.028384 0.018795 0.037018 
939.285714 2.019595 0.069349 0.120823 0.122289 0.107828 0.162253 0.105651 0.068459 0.043968 0.028588 0.018826 0.037735 
1000.000000 2.019595 0.069435 0.120820 0.121687 0.106908 0.162725 0.105196 0.067857 0.043883 0.028614 0.019252 0.038960 
1.000000 2.243995 0.088054 0.152424 0.141449 0.114879 0.156848 0.091416 0.053636 0.032194 0.019932 0.012472 0.021413 
50.666667 2.243995 0.086979 0.151977 0.140979 0.114233 0.157792 0.092492 0.054118 0.032777 0.019792 0.012483 0.021591 
100.333333 2.243995 0.086411 0.150031 0.139939 0.113940 0.158858 0.093319 0.054989 0.032945 0.020068 0.012779 0.022216 
150.000000 2.243995 0.084105 0.146988 0.139059 0.113894 0.159662 0.094206 0.056499 0.033906 0.020766 0.012833 0.022957 
210.714286 2.243995 0.082569 0.143910 0.136940 0.113710 0.160399 0.095650 0.057327 0.034802 0.021572 0.013590 0.024032 
271.428571 2.243995 0.080597 0.140899 0.134807 0.113667 0.161032 0.097011 0.059208 0.036131 0.022352 0.014003 0.025276 
332.142857 2.243995 0.079239 0.137670 0.132729 0.112472 0.161204 0.098309 0.060098 0.037386 0.023324 0.015015 0.026844 
392.857143 2.243995 0.077798 0.134371 0.131708 0.111836 0.162040 0.099775 0.061098 0.038670 0.024144 0.015144 0.027946 
453.571429 2.243995 0.075828 0.132476 0.129761 0.111082 0.162341 0.100434 0.062385 0.039243 0.025127 0.015856 0.029679 
514.285714 2.243995 0.074866 0.130188 0.128100 0.109992 0.162177 0.102489 0.063308 0.040335 0.025743 0.016597 0.030928 
575.000000 2.243995 0.073592 0.128348 0.126638 0.109671 0.162928 0.103088 0.064518 0.040804 0.026157 0.016917 0.032127 
635.714286 2.243995 0.073125 0.126558 0.126136 0.108751 0.162870 0.103815 0.065177 0.041257 0.026615 0.017400 0.032887 
696.428571 2.243995 0.071921 0.125350 0.124892 0.108272 0.162691 0.104170 0.065841 0.041990 0.027169 0.017768 0.034551 
757.142857 2.243995 0.071088 0.123860 0.124289 0.108174 0.162217 0.104172 0.066710 0.042713 0.027400 0.018157 0.035961 
817.857143 2.243995 0.070485 0.122421 0.122863 0.107687 0.162694 0.104329 0.067701 0.042868 0.027971 0.018342 0.036857 
878.571429 2.243995 0.070305 0.121857 0.122774 0.107926 0.162509 0.104674 0.067093 0.043486 0.028395 0.018772 0.037435 
939.285714 2.243995 0.069673 0.120553 0.122023 0.107355 0.162483 0.105127 0.068138 0.044270 0.028875 0.019112 0.038026 
1000.000000 2.243995 0.069086 0.119541 0.121612 0.107851 0.162204 0.105940 0.068127 0.044539 0.028988 0.019429 0.038406 
1.000000 2.468394 0.088013 0.152575 0.141443 0.114593 0.156925 0.091424 0.053832 0.032274 0.019953 0.012418 0.021440 
50.666667 2.468394 0.086883 0.151721 0.140868 0.114283 0.157988 0.092391 0.054261 0.032776 0.019945 0.012569 0.021670 
100.333333 2.468394 0.085979 0.149529 0.139761 0.114089 0.158695 0.093591 0.055061 0.033058 0.020291 0.012818 0.022460 
150.000000 2.468394 0.084275 0.145744 0.138474 0.113973 0.159847 0.094288 0.056628 0.034292 0.021259 0.013167 0.023490 
210.714286 2.468394 0.081804 0.142784 0.136385 0.113797 0.159963 0.096860 0.058444 0.035274 0.021799 0.013825 0.024538 
271.428571 2.468394 0.079873 0.139128 0.133096 0.112407 0.162498 0.098094 0.059603 0.036771 0.022664 0.014813 0.025840 
332.142857 2.468394 0.078980 0.136127 0.132282 0.111781 0.160871 0.099606 0.060936 0.037722 0.023783 0.014946 0.027561 
392.857143 2.468394 0.077021 0.133868 0.130168 0.111239 0.161784 0.100570 0.062052 0.038809 0.024854 0.015745 0.028586 
453.571429 2.468394 0.074995 0.131895 0.128957 0.110540 0.162685 0.101432 0.062801 0.039706 0.025224 0.016172 0.030356 
514.285714 2.468394 0.074377 0.129223 0.127215 0.109811 0.162366 0.102561 0.064260 0.040525 0.025512 0.016716 0.031686 
575.000000 2.468394 0.073715 0.127257 0.126786 0.109120 0.162413 0.102862 0.064720 0.041174 0.026515 0.017115 0.032910 
635.714286 2.468394 0.072793 0.126307 0.125123 0.108455 0.162072 0.103163 0.065771 0.042171 0.027270 0.017432 0.033943 
696.428571 2.468394 0.071268 0.124961 0.124130 0.108545 0.162088 0.103769 0.066524 0.042729 0.027577 0.017977 0.034776 
757.142857 2.468394 0.070884 0.123577 0.123422 0.108300 0.161953 0.104796 0.066831 0.043049 0.028255 0.018454 0.035917 
817.857143 2.468394 0.069672 0.121724 0.123309 0.107529 0.162455 0.104607 0.067344 0.043537 0.028802 0.018985 0.037040 
878.571429 2.468394 0.069501 0.122101 0.122269 0.108034 0.162422 0.104436 0.067936 0.044015 0.028378 0.018990 0.037987 
939.285714 2.468394 0.068685 0.120449 0.121789 0.107221 0.162199 0.105857 0.068821 0.044357 0.028918 0.018931 0.038713 
1000.000000 2.468394 0.069519 0.120360 0.120959 0.106590 0.162240 0.106103 0.068480 0.044759 0.029224 0.019148 0.038782 
1.000000 2.692794 0.087971 0.152725 0.141436 0.114307 0.157003 0.091433 0.054027 0.032355 0.019974 0.012364 0.021466 
50.666667 2.692794 0.086787 0.151465 0.140758 0.114333 0.158183 0.092289 0.054404 0.032775 0.020098 0.012655 0.021749 
100.333333 2.692794 0.085547 0.149027 0.139582 0.114238 0.158533 0.093862 0.055133 0.033172 0.020515 0.012857 0.022705 
150.000000 2.692794 0.083146 0.145392 0.137906 0.113662 0.160002 0.094975 0.056596 0.034662 0.021273 0.013321 0.023524 
210.714286 2.692794 0.080895 0.141420 0.134870 0.113210 0.160901 0.097217 0.058948 0.035537 0.022250 0.014170 0.024873 
271.428571 2.692794 0.078807 0.138294 0.133426 0.112402 0.161495 0.098445 0.059968 0.037021 0.023235 0.014681 0.026522 
332.142857 2.692794 0.077737 0.134090 0.131596 0.112036 0.161702 0.099623 0.061510 0.038311 0.024235 0.015437 0.028081 
392.857143 2.692794 0.076414 0.132622 0.130190 0.111205 0.161563 0.101403 0.061592 0.039136 0.024762 0.016029 0.029637 
453.571429 2.692794 0.074696 0.130358 0.128152 0.110549 0.161648 0.101704 0.064084 0.040250 0.025746 0.016526 0.030631 
514.285714 2.692794 0.074059 0.127568 0.126544 0.109765 0.162125 0.102706 0.064660 0.041673 0.026285 0.016965 0.032379 
575.000000 2.692794 0.073215 0.126882 0.125725 0.109111 0.162737 0.102525 0.064775 0.041767 0.026974 0.017474 0.033236 
635.714286 2.692794 0.071620 0.124954 0.125092 0.108328 0.162015 0.104378 0.065801 0.042096 0.027537 0.017923 0.034696 
696.428571 2.692794 0.071701 0.124173 0.124258 0.107775 0.162322 0.104421 0.066662 0.042708 0.027493 0.018180 0.035522 
757.142857 2.692794 0.070727 0.122526 0.123028 0.107357 0.162739 0.104754 0.067403 0.043196 0.028224 0.018434 0.036729 
817.857143 2.692794 0.069710 0.121638 0.121992 0.107671 0.163118 0.105194 0.067649 0.043505 0.028476 0.018661 0.037685 
878.571429 2.692794 0.069382 0.120970 0.121580 0.107344 0.162142 0.105375 0.068175 0.044371 0.028759 0.019127 0.038116 
939.285714 2.692794 0.069227 0.120173 0.121574 0.106856 0.162082 0.105638 0.068989 0.044385 0.029104 0.019405 0.038958 
1000.000000 2.692794 0.068391 0.119875 0.121171 0.106387 0.162100 0.106087 0.068230 0.044819 0.029792 0.019244 0.039525 
1.000000 2.917193 0.087930 0.152876 0.141429 0.114020 0.157080 0.091441 0.054223 0.032435 0.019995 0.012310 0.021492 
50.666667 2.917193 0.086690 0.151209 0.140647 0.114383 0.158379 0.092188 0.054547 0.032774 0.020250 0.012741 0.021827 
100.333333 2.917193 0.085115 0.148524 0.139403 0.114388 0.158370 0.094133 0.055205 0.033285 0.020738 0.012897 0.022950 
150.000000 2.917193 0.083359 0.144856 0.137108 0.113849 0.159117 0.095505 0.057081 0.034804 0.021538 0.013643 0.023874 
210.714286 2.917193 0.080722 0.140640 0.135221 0.112897 0.160690 0.096912 0.058928 0.035897 0.022601 0.014331 0.025481 
271.428571 2.917193 0.077819 0.137381 0.132880 0.112650 0.162072 0.099502 0.060232 0.037221 0.023380 0.014800 0.026920 
332.142857 2.917193 0.076845 0.134484 0.130337 0.110641 0.162076 0.100279 0.062124 0.039044 0.024254 0.015468 0.028487 
392.857143 2.917193 0.075403 0.131869 0.128783 0.111085 0.161862 0.101216 0.062996 0.039488 0.025201 0.016175 0.030397 
453.571429 2.917193 0.074334 0.129080 0.127814 0.110280 0.162616 0.102328 0.063774 0.040657 0.025759 0.016768 0.031213 
514.285714 2.917193 0.073213 0.127207 0.126034 0.109355 0.163160 0.102648 0.065311 0.041213 0.026526 0.016986 0.032739 
575.000000 2.917193 0.072243 0.126269 0.124675 0.108989 0.162788 0.103675 0.065532 0.042085 0.027096 0.017549 0.034129 
635.714286 2.917193 0.071621 0.124571 0.124668 0.107773 0.162475 0.104416 0.066164 0.042703 0.027577 0.018068 0.035169 
696.428571 2.917193 0.070594 0.123403 0.123822 0.107728 0.162308 0.104233 0.067319 0.043006 0.028122 0.018355 0.036456 
757.142857 2.917193 0.070379 0.121980 0.123368 0.107476 0.162623 0.104756 0.067565 0.043308 0.028277 0.018603 0.037290 
817.857143 2.917193 0.069958 0.121373 0.122603 0.107250 0.162228 0.105518 0.067686 0.043775 0.028366 0.018947 0.038331 
878.571429 2.917193 0.069385 0.119831 0.122335 0.106808 0.162463 0.105521 0.068187 0.044283 0.029357 0.019028 0.038520 
939.285714 2.917193 0.069052 0.120018 0.121202 0.107285 0.161647 0.105943 0.068548 0.044677 0.029355 0.019519 0.039185 
1000.000000 2.917193 0.067894 0.119223 0.120703 0.106655 0.162461 0.106301 0.069685 0.045096 0.029611 0.019369 0.039955 
1.000000 3.141593 0.087888 0.153026 0.141422 0.113734 0.157158 0.091450 0.054418 0.032516 0.020016 0.012256 0.021518 
50.666667 3.141593 0.086594 0.150952 0.140537 0.114434 0.158575 0.092087 0.054690 0.032774 0.020403 0.012826 0.021906 
100.333333 3.141593 0.084683 0.148022 0.139225 0.114537 0.158208 0.094404 0.055277 0.033399 0.020961 0.012936 0.023194 
150.000000 3.141593 0.082548 0.144698 0.136800 0.113353 0.160171 0.095954 0.057449 0.034974 0.021562 0.013338 0.024098 
210.714286 3.141593 0.080431 0.140599 0.134594 0.112579 0.160483 0.097724 0.059207 0.036263 0.022285 0.014143 0.025378 
271.428571 3.141593 0.079397 0.136579 0.132764 0.112072 0.162133 0.098710 0.060169 0.037661 0.023342 0.014876 0.027023 
332.142857 3.141593 0.077048 0.134085 0.131571 0.112035 0.161757 0.099967 0.062000 0.038610 0.024040 0.015581 0.028813 
392.857143 3.141593 0.075910 0.131640 0.129073 0.110606 0.162267 0.101126 0.062338 0.039369 0.024976 0.016192 0.030326 
453.571429 3.141593 0.073787 0.129707 0.127197 0.109638 0.162070 0.102833 0.064500 0.040963 0.026278 0.016650 0.031988 
514.285714 3.141593 0.072910 0.127138 0.126997 0.108587 0.162796 0.103101 0.064717 0.041310 0.026841 0.017274 0.033220 
575.000000 3.141593 0.072839 0.125511 0.124965 0.108203 0.162221 0.104222 0.065739 0.042219 0.027165 0.017841 0.034205 
635.714286 3.141593 0.072137 0.123857 0.124341 0.108934 0.162084 0.103985 0.066618 0.042744 0.027463 0.018097 0.035247 
696.428571 3.141593 0.071030 0.123073 0.123417 0.108159 0.163171 0.104218 0.066964 0.042888 0.028119 0.018595 0.036262 
757.142857 3.141593 0.070128 0.121792 0.122822 0.107414 0.163089 0.104771 0.067606 0.043185 0.028506 0.018671 0.037080 
817.857143 3.141593 0.069752 0.120609 0.122544 0.107239 0.162676 0.105262 0.068159 0.044048 0.028965 0.019185 0.037621 
878.571429 3.141593 0.069180 0.119965 0.121108 0.107102 0.163317 0.105816 0.067913 0.044358 0.029126 0.019615 0.038687 
939.285714 3.141593 0.068297 0.119690 0.120725 0.106505 0.163063 0.106079 0.069216 0.044848 0.029345 0.019600 0.039435 
1000.000000 3.141593 0.068350 0.119336 0.120630 0.105808 0.162224 0.106596 0.069188 0.045020 0.029712 0.019612 0.040574 
