1.000000 0.009701 0.008960 0.008068 0.007285 0.006612 0.006182 0.007448 0.006487 0.005797 0.005226 0.005831 0.005073 0.004425 0.003750 0.003513 0.003631 0.002999 0.002685 0.002804 0.002241 0.002491 0.017725
56.50000 0.009593 0.009058 0.008024 0.007359 0.006895 0.006204 0.007234 0.006899 0.005794 0.005394 0.005884 0.005109 0.004534 0.003715 0.003427 0.003486 0.003259 0.002537 0.002696 0.002302 0.002553 0.017900
112.0000 0.009498 0.008929 0.008345 0.007280 0.006657 0.006275 0.007678 0.006737 0.005900 0.005572 0.005854 0.005134 0.004427 0.003897 0.003491 0.003652 0.003164 0.002682 0.002672 0.002467 0.002611 0.017870
167.5000 0.009433 0.008738 0.008023 0.007521 0.006804 0.006131 0.007527 0.006697 0.005946 0.005306 0.005547 0.005247 0.004627 0.003948 0.003462 0.003619 0.003151 0.002649 0.002757 0.002348 0.002729 0.018817
223.0000 0.009081 0.008886 0.008085 0.007354 0.006776 0.006260 0.007465 0.006866 0.006009 0.005497 0.006025 0.005122 0.004469 0.004088 0.003562 0.003811 0.003281 0.002873 0.002895 0.002437 0.002638 0.019344
278.5000 0.009213 0.008569 0.007938 0.007366 0.006589 0.006099 0.007362 0.006692 0.006065 0.005188 0.005993 0.005308 0.004714 0.004015 0.003546 0.003925 0.003202 0.002835 0.002779 0.002558 0.002672 0.020671
334.0000 0.009227 0.008329 0.007892 0.007388 0.006555 0.006173 0.007729 0.006629 0.005982 0.005591 0.006089 0.005218 0.004690 0.003971 0.003557 0.003732 0.003284 0.002959 0.002871 0.002542 0.002752 0.020390
389.5000 0.009047 0.008362 0.007794 0.007308 0.006877 0.006194 0.007423 0.006698 0.005750 0.005351 0.005971 0.005369 0.004536 0.004142 0.003708 0.003893 0.003397 0.002976 0.002927 0.002536 0.002829 0.021520
445.0000 0.009010 0.008203 0.007848 0.007284 0.006748 0.006167 0.007382 0.006681 0.005860 0.005429 0.006075 0.005047 0.004694 0.004172 0.003825 0.003804 0.003399 0.002977 0.002987 0.002674 0.003074 0.021737
500.5000 0.009232 0.008853 0.007598 0.007054 0.006581 0.006016 0.007379 0.006625 0.005950 0.005565 0.005982 0.005358 0.004603 0.004107 0.003696 0.003911 0.003435 0.003194 0.003118 0.002710 0.002969 0.022464
556.0000 0.008728 0.008449 0.007690 0.007028 0.006867 0.006103 0.007179 0.006422 0.005655 0.005328 0.006135 0.005434 0.004553 0.004151 0.003559 0.003937 0.003377 0.002949 0.003057 0.002800 0.003077 0.023154
611.5000 0.008728 0.008061 0.007523 0.007274 0.006457 0.005901 0.007322 0.006559 0.005798 0.005222 0.005798 0.005310 0.004580 0.004007 0.003518 0.004100 0.003405 0.003054 0.003074 0.002795 0.002889 0.023838
667.0000 0.008684 0.008058 0.007532 0.007060 0.006340 0.006023 0.007183 0.006354 0.006025 0.005250 0.005862 0.005206 0.004664 0.003952 0.003753 0.004118 0.003626 0.003225 0.003271 0.002782 0.003147 0.024073
722.5000 0.008298 0.007824 0.007433 0.006773 0.006608 0.005946 0.007206 0.006279 0.005585 0.005107 0.005687 0.005274 0.004754 0.004031 0.003913 0.003923 0.003632 0.003128 0.003283 0.002876 0.003088 0.024453
778.0000 0.008669 0.008238 0.007341 0.007192 0.006528 0.005918 0.007198 0.006625 0.005744 0.005350 0.005904 0.005262 0.004746 0.004184 0.004000 0.004108 0.003480 0.003153 0.003241 0.002681 0.003113 0.024395
833.5000 0.008370 0.007850 0.007471 0.006873 0.006341 0.005868 0.007361 0.006257 0.005531 0.005246 0.005926 0.004993 0.004615 0.004033 0.003775 0.004136 0.003502 0.003126 0.003277 0.002860 0.003018 0.024962
889.0000 0.008462 0.007893 0.007389 0.006747 0.006340 0.005682 0.007100 0.006233 0.005756 0.005132 0.005728 0.005144 0.004612 0.004227 0.003605 0.004033 0.003691 0.003228 0.003214 0.002849 0.003096 0.025393
944.5000 0.008402 0.007884 0.007489 0.006784 0.006289 0.005709 0.006943 0.006325 0.005643 0.004986 0.005771 0.005340 0.004607 0.003991 0.003714 0.003907 0.003361 0.002974 0.003215 0.002723 0.003273 0.025605
1000.000 0.008205 0.007676 0.007222 0.006801 0.006102 0.005661 0.007009 0.006293 0.005689 0.005151 0.005526 0.004995 0.004603 0.004186 0.003666 0.003961 0.003556 0.003217 0.003281 0.002833 0.003371 0.026517
