1.000000 0.055864 0.092216 0.098028 0.091270 0.146396 0.100176 0.068492 0.047162 0.032142 0.021726 0.049572
56.50000 0.054840 0.092046 0.098192 0.090546 0.145034 0.101460 0.069500 0.047602 0.032438 0.022252 0.049982
112.0000 0.054144 0.089696 0.097234 0.089318 0.145798 0.101704 0.069586 0.047536 0.033088 0.022878 0.051640
167.5000 0.053028 0.087408 0.095506 0.088640 0.145208 0.101706 0.070482 0.048466 0.033556 0.023182 0.053090
223.0000 0.051906 0.084944 0.093918 0.087862 0.143862 0.102038 0.071324 0.049302 0.034168 0.023862 0.055098
278.5000 0.050638 0.083704 0.091220 0.086994 0.143520 0.102600 0.071174 0.050092 0.035028 0.024386 0.057312
334.0000 0.050004 0.081988 0.090682 0.085708 0.142564 0.102590 0.072716 0.050566 0.035234 0.025322 0.058682
389.5000 0.049090 0.080346 0.089286 0.085346 0.141574 0.102684 0.072590 0.051510 0.036146 0.025668 0.060424
445.0000 0.048476 0.079512 0.087916 0.083854 0.141008 0.102440 0.072742 0.051954 0.036816 0.025944 0.062782
500.5000 0.048250 0.078074 0.086990 0.082932 0.139968 0.102028 0.073064 0.051956 0.037708 0.026546 0.064746
556.0000 0.047074 0.076262 0.086070 0.082558 0.139372 0.102334 0.073522 0.052538 0.038048 0.026912 0.066460
611.5000 0.046946 0.076316 0.085354 0.082108 0.138736 0.102662 0.073310 0.052532 0.037642 0.027528 0.068226
667.0000 0.046346 0.074716 0.084544 0.081476 0.138278 0.102898 0.074366 0.053108 0.038552 0.027520 0.068934
722.5000 0.046060 0.073962 0.083042 0.080086 0.138744 0.102224 0.074058 0.053916 0.038470 0.027988 0.070780
778.0000 0.046032 0.074310 0.083008 0.079588 0.136764 0.102982 0.073918 0.054054 0.039068 0.028026 0.071292
833.5000 0.045740 0.073478 0.082314 0.079660 0.136082 0.103164 0.074110 0.053830 0.039022 0.028560 0.073224
889.0000 0.045440 0.073242 0.082360 0.079904 0.135576 0.102412 0.074122 0.054102 0.039142 0.028518 0.073692
944.5000 0.045036 0.072418 0.081468 0.079862 0.136946 0.102422 0.074446 0.054350 0.039598 0.028756 0.074670
1000.000 0.045180 0.072460 0.081362 0.079666 0.136340 0.102468 0.074830 0.054128 0.039590 0.028786 0.075702
