1.000000 0.000000 0.087114 0.151816 0.140554 0.114794 0.157532 0.092152 0.053864 0.032662 0.020024 0.012398 0.021642 
50.666667 0.000000 0.087027 0.151448 0.141215 0.115069 0.158430 0.091718 0.054112 0.032288 0.020138 0.012416 0.021413 
100.333333 0.000000 0.086650 0.151168 0.140796 0.114613 0.158349 0.092776 0.054121 0.032535 0.020411 0.012350 0.021829 
150.000000 0.000000 0.085893 0.147936 0.140080 0.114919 0.158613 0.093357 0.055195 0.033312 0.020451 0.012872 0.022446 
210.714286 0.000000 0.083734 0.145245 0.138784 0.113544 0.159817 0.094734 0.056665 0.033920 0.021157 0.013429 0.023351 
271.428571 0.000000 0.082102 0.142526 0.136882 0.113439 0.160319 0.096497 0.058413 0.034834 0.021535 0.013586 0.024444 
332.142857 0.000000 0.079588 0.138715 0.133986 0.113313 0.161694 0.098142 0.059413 0.036101 0.022775 0.014362 0.025943 
392.857143 0.000000 0.078765 0.137721 0.131575 0.112788 0.161201 0.099097 0.060416 0.037846 0.023229 0.015300 0.026737 
453.571429 0.000000 0.077709 0.133731 0.129435 0.111785 0.162293 0.100566 0.061214 0.038603 0.024412 0.015746 0.028450 
514.285714 0.000000 0.075708 0.131682 0.129200 0.110599 0.161924 0.101422 0.063134 0.039343 0.025401 0.015908 0.029814 
575.000000 0.000000 0.074991 0.128564 0.128174 0.110954 0.162612 0.101962 0.063306 0.040677 0.025702 0.016558 0.031220 
635.714286 0.000000 0.073497 0.127371 0.126306 0.110102 0.162674 0.103754 0.064849 0.041271 0.026342 0.017060 0.032188 
696.428571 0.000000 0.072727 0.126367 0.125102 0.108499 0.162521 0.103524 0.066035 0.041590 0.027221 0.017427 0.033434 
757.142857 0.000000 0.072806 0.125195 0.124459 0.108882 0.161694 0.103284 0.065788 0.042156 0.027447 0.017916 0.034920 
817.857143 0.000000 0.071653 0.123115 0.123958 0.107945 0.162845 0.104306 0.066720 0.043087 0.027644 0.018082 0.035937 
878.571429 0.000000 0.070682 0.122052 0.122892 0.107781 0.162567 0.104681 0.068027 0.043338 0.028269 0.018356 0.037021 
939.285714 0.000000 0.069756 0.121450 0.122216 0.107354 0.162861 0.105192 0.067306 0.043851 0.028701 0.018987 0.037606 
1000.000000 0.000000 0.069860 0.121342 0.121072 0.106756 0.162786 0.105576 0.068226 0.044242 0.028836 0.018990 0.038702 
1.000000 0.224399 0.087235 0.152030 0.140516 0.114586 0.157801 0.091913 0.053841 0.032683 0.020017 0.012377 0.021550 
50.666667 0.224399 0.086880 0.151275 0.141026 0.115033 0.158486 0.091847 0.054308 0.032366 0.020137 0.012408 0.021498 
100.333333 0.224399 0.086411 0.150565 0.140583 0.114378 0.158740 0.092715 0.054443 0.032639 0.020455 0.012503 0.021982 
150.000000 0.224399 0.085490 0.148755 0.139259 0.114349 0.158787 0.093555 0.055954 0.033402 0.020631 0.012862 0.022539 
210.714286 0.224399 0.083509 0.145283 0.137431 0.114357 0.160804 0.095191 0.056888 0.034221 0.021160 0.013279 0.023177 
271.428571 0.224399 0.082128 0.142113 0.135349 0.113092 0.161216 0.096718 0.058534 0.035464 0.022118 0.013803 0.024753 
332.142857 0.224399 0.079554 0.139312 0.134382 0.112679 0.161775 0.097651 0.059924 0.036682 0.022943 0.014497 0.025784 
392.857143 0.224399 0.078321 0.136457 0.132641 0.111651 0.162081 0.099818 0.060238 0.037550 0.023769 0.015097 0.027209 
453.571429 0.224399 0.076596 0.133984 0.131001 0.111293 0.161964 0.099910 0.061858 0.038782 0.024434 0.015756 0.028492 
514.285714 0.224399 0.075876 0.132018 0.128997 0.110263 0.161991 0.100982 0.063253 0.039457 0.025186 0.016237 0.029851 
575.000000 0.224399 0.074568 0.129769 0.126914 0.109770 0.161882 0.102474 0.063944 0.040471 0.025862 0.016656 0.031623 
635.714286 0.224399 0.073511 0.127520 0.126823 0.109291 0.162201 0.103308 0.064715 0.040892 0.026387 0.016936 0.032674 
696.428571 0.224399 0.073308 0.126209 0.125938 0.109252 0.161859 0.103431 0.065383 0.041239 0.027185 0.017389 0.033420 
757.142857 0.224399 0.071894 0.125138 0.124900 0.108386 0.162871 0.103770 0.066091 0.042249 0.027512 0.017857 0.034560 
817.857143 0.224399 0.070982 0.123686 0.123943 0.107578 0.162776 0.105459 0.066261 0.042772 0.027874 0.018041 0.035866 
878.571429 0.224399 0.070593 0.122305 0.123184 0.107661 0.162509 0.104707 0.066726 0.043775 0.028423 0.018473 0.036649 
939.285714 0.224399 0.069767 0.121782 0.122378 0.107588 0.162628 0.104843 0.067404 0.043537 0.028782 0.018686 0.037724 
1000.000000 0.224399 0.069749 0.120742 0.122207 0.107547 0.161987 0.105108 0.067418 0.044411 0.028906 0.019411 0.038796 
1.000000 0.448799 0.087356 0.152244 0.140478 0.114378 0.158069 0.091675 0.053819 0.032703 0.020009 0.012357 0.021458 
50.666667 0.448799 0.086732 0.151101 0.140836 0.114997 0.158542 0.091975 0.054503 0.032443 0.020135 0.012400 0.021583 
100.333333 0.448799 0.086173 0.149962 0.140371 0.114143 0.159132 0.092654 0.054766 0.032742 0.020498 0.012657 0.022134 
150.000000 0.448799 0.084832 0.148751 0.139380 0.113820 0.159238 0.093870 0.055498 0.033750 0.020507 0.012891 0.022566 
210.714286 0.448799 0.083301 0.144733 0.137190 0.114013 0.160671 0.095378 0.056683 0.034723 0.021408 0.013531 0.023698 
271.428571 0.448799 0.080934 0.141630 0.135844 0.113264 0.160416 0.097202 0.058460 0.035675 0.022251 0.013888 0.024893 
332.142857 0.448799 0.079510 0.138985 0.133551 0.112209 0.161841 0.098359 0.060029 0.037001 0.023017 0.014632 0.025950 
392.857143 0.448799 0.077512 0.135613 0.131659 0.111796 0.162614 0.099446 0.061223 0.038114 0.023791 0.015276 0.027319 
453.571429 0.448799 0.076510 0.133409 0.130807 0.111085 0.161644 0.100118 0.061899 0.038961 0.024684 0.015883 0.029314 
514.285714 0.448799 0.075076 0.130907 0.129161 0.110866 0.162304 0.101125 0.063410 0.039783 0.025135 0.016421 0.030202 
575.000000 0.448799 0.074475 0.129058 0.127730 0.109382 0.162239 0.102415 0.064350 0.040637 0.026089 0.016716 0.031674 
635.714286 0.448799 0.073367 0.127006 0.126136 0.109100 0.161741 0.103557 0.065106 0.041508 0.026645 0.017118 0.032891 
696.428571 0.448799 0.072721 0.125671 0.125496 0.108434 0.161575 0.104282 0.065647 0.042007 0.027182 0.017649 0.033885 
757.142857 0.448799 0.072185 0.125041 0.124571 0.108080 0.161977 0.104463 0.065952 0.042675 0.027772 0.017869 0.034693 
817.857143 0.448799 0.071316 0.123803 0.123629 0.107657 0.162662 0.105061 0.066332 0.042850 0.028001 0.018169 0.035862 
878.571429 0.448799 0.070281 0.121625 0.122986 0.108211 0.162497 0.104761 0.067013 0.043883 0.028442 0.018417 0.037109 
939.285714 0.448799 0.069936 0.121230 0.122416 0.107038 0.162016 0.105351 0.067980 0.044049 0.028670 0.018968 0.038102 
1000.000000 0.448799 0.069362 0.120645 0.121770 0.106919 0.161977 0.105577 0.068727 0.044848 0.028890 0.019243 0.038275 
1.000000 0.673198 0.087477 0.152458 0.140440 0.114170 0.158338 0.091436 0.053796 0.032724 0.020002 0.012336 0.021366 
50.666667 0.673198 0.086585 0.150927 0.140647 0.114962 0.158598 0.092104 0.054699 0.032520 0.020134 0.012391 0.021669 
100.333333 0.673198 0.085935 0.149358 0.140158 0.113908 0.159523 0.092593 0.055089 0.032845 0.020541 0.012811 0.022287 
150.000000 0.673198 0.084794 0.147290 0.138852 0.114298 0.158863 0.094043 0.056087 0.033765 0.020928 0.013216 0.022931 
210.714286 0.673198 0.082396 0.144256 0.136560 0.113743 0.159934 0.095561 0.057776 0.035425 0.021571 0.013783 0.023839 
271.428571 0.673198 0.080824 0.141273 0.134552 0.112873 0.161490 0.097048 0.058572 0.036133 0.022373 0.014242 0.025281 
332.142857 0.673198 0.078603 0.137545 0.133263 0.112309 0.162786 0.098846 0.060189 0.037230 0.023184 0.014697 0.026682 
392.857143 0.673198 0.076902 0.134736 0.131450 0.111691 0.162146 0.099952 0.061175 0.038446 0.024448 0.015116 0.028107 
453.571429 0.673198 0.075812 0.132962 0.129921 0.110679 0.161661 0.101120 0.063089 0.039485 0.024617 0.015774 0.029560 
514.285714 0.673198 0.074905 0.130158 0.128037 0.109506 0.162654 0.101987 0.064315 0.040212 0.025534 0.016448 0.030882 
575.000000 0.673198 0.073604 0.128044 0.126897 0.109722 0.162760 0.102562 0.064336 0.040899 0.026410 0.016880 0.032182 
635.714286 0.673198 0.073271 0.126461 0.126628 0.108766 0.162301 0.103410 0.064961 0.041427 0.026900 0.017225 0.033336 
696.428571 0.673198 0.072337 0.124938 0.125807 0.108820 0.162735 0.103782 0.065673 0.041976 0.027316 0.017573 0.034398 
757.142857 0.673198 0.071171 0.123800 0.123789 0.108082 0.162941 0.104102 0.066690 0.042715 0.027665 0.018237 0.035705 
817.857143 0.673198 0.071085 0.123020 0.122957 0.107335 0.162363 0.104510 0.066892 0.043227 0.028452 0.018472 0.036570 
878.571429 0.673198 0.070420 0.121925 0.123084 0.107248 0.161344 0.104821 0.068000 0.043653 0.028900 0.018870 0.037436 
939.285714 0.673198 0.069696 0.120788 0.122067 0.107497 0.162839 0.105499 0.067708 0.043941 0.028930 0.018996 0.038128 
1000.000000 0.673198 0.069370 0.120065 0.121558 0.107014 0.163336 0.104771 0.068544 0.044380 0.029001 0.019251 0.038574 
1.000000 0.897598 0.087597 0.152671 0.140401 0.113963 0.158607 0.091197 0.053773 0.032744 0.019995 0.012316 0.021273 
50.666667 0.897598 0.086437 0.150754 0.140458 0.114926 0.158654 0.092232 0.054894 0.032597 0.020132 0.012383 0.021754 
100.333333 0.897598 0.085697 0.148755 0.139945 0.113673 0.159914 0.092532 0.055411 0.032948 0.020584 0.012965 0.022440 
150.000000 0.897598 0.083771 0.145483 0.138410 0.113488 0.159783 0.094358 0.056474 0.034623 0.021228 0.013241 0.023179 
210.714286 0.897598 0.082001 0.142820 0.135992 0.112589 0.161049 0.096830 0.057766 0.035159 0.021690 0.013796 0.024631 
271.428571 0.897598 0.079399 0.139442 0.133694 0.112936 0.161434 0.097782 0.059924 0.036608 0.022794 0.014204 0.025970 
332.142857 0.897598 0.078996 0.135914 0.131971 0.111465 0.161510 0.099665 0.061080 0.037518 0.023445 0.015057 0.027164 
392.857143 0.897598 0.076982 0.133920 0.130779 0.110871 0.162472 0.100373 0.061870 0.038111 0.024743 0.015426 0.028770 
453.571429 0.897598 0.075017 0.132496 0.128872 0.110128 0.161501 0.101897 0.063280 0.039485 0.025472 0.016464 0.030306 
514.285714 0.897598 0.074241 0.129289 0.127815 0.109252 0.163092 0.102403 0.063746 0.040704 0.025928 0.016623 0.031436 
575.000000 0.897598 0.074000 0.127312 0.126709 0.109140 0.162101 0.102506 0.064972 0.040979 0.026715 0.017451 0.032973 
635.714286 0.897598 0.072462 0.125684 0.124856 0.109356 0.162261 0.103468 0.065789 0.042235 0.027075 0.017594 0.034091 
696.428571 0.897598 0.071067 0.124160 0.124465 0.108708 0.162553 0.104123 0.066808 0.042581 0.027427 0.017900 0.034918 
757.142857 0.897598 0.070650 0.123021 0.123405 0.108560 0.162079 0.105186 0.066545 0.042917 0.027751 0.018456 0.036287 
817.857143 0.897598 0.070728 0.122479 0.122439 0.107968 0.162522 0.105493 0.066808 0.043425 0.028080 0.018575 0.036832 
878.571429 0.897598 0.069482 0.120816 0.121513 0.108138 0.163187 0.105740 0.067682 0.043895 0.028681 0.019132 0.037597 
939.285714 0.897598 0.069779 0.120699 0.121964 0.106901 0.161962 0.105855 0.068061 0.043735 0.029180 0.019262 0.038576 
1000.000000 0.897598 0.069340 0.119545 0.121463 0.107007 0.160965 0.106199 0.068525 0.044799 0.029058 0.019054 0.039632 
1.000000 1.121997 0.087667 0.152805 0.140417 0.113895 0.158657 0.091059 0.053790 0.032742 0.019985 0.012299 0.021235 
50.666667 1.121997 0.086407 0.150675 0.140331 0.114870 0.158625 0.092332 0.054989 0.032655 0.020120 0.012382 0.021779 
100.333333 1.121997 0.085518 0.148356 0.139777 0.113636 0.160125 0.092573 0.055560 0.033025 0.020613 0.013061 0.022555 
150.000000 1.121997 0.083256 0.145472 0.137310 0.113869 0.159806 0.094779 0.056469 0.034609 0.021127 0.013518 0.023744 
210.714286 1.121997 0.081176 0.141649 0.134787 0.113553 0.161060 0.096748 0.058786 0.035792 0.022422 0.014041 0.024887 
271.428571 1.121997 0.079047 0.137139 0.133050 0.112338 0.162072 0.098905 0.060120 0.037258 0.023332 0.014792 0.026595 
332.142857 1.121997 0.077534 0.135270 0.131069 0.111599 0.161945 0.100242 0.061758 0.037989 0.024127 0.015339 0.028147 
392.857143 1.121997 0.076226 0.132542 0.130197 0.110897 0.161666 0.101281 0.062185 0.039319 0.025126 0.015813 0.029715 
453.571429 1.121997 0.074736 0.130040 0.128295 0.110038 0.162091 0.102534 0.063932 0.039869 0.025502 0.016610 0.031070 
514.285714 1.121997 0.073945 0.128204 0.127285 0.109975 0.162558 0.102422 0.064415 0.040656 0.026076 0.017108 0.031978 
575.000000 1.121997 0.072895 0.126463 0.125698 0.109454 0.162826 0.103167 0.064961 0.041458 0.026790 0.017613 0.033344 
635.714286 1.121997 0.071403 0.125192 0.124710 0.108504 0.162702 0.103709 0.065824 0.042349 0.027204 0.018205 0.034775 
696.428571 1.121997 0.071165 0.124090 0.124048 0.108101 0.162113 0.104917 0.066693 0.042809 0.027811 0.018189 0.035680 
757.142857 1.121997 0.071070 0.122444 0.122805 0.108289 0.162511 0.105357 0.067118 0.043335 0.027972 0.018398 0.036778 
817.857143 1.121997 0.070016 0.121033 0.122098 0.107772 0.162797 0.105141 0.068027 0.044073 0.028489 0.018657 0.037798 
878.571429 1.121997 0.069132 0.120118 0.121743 0.107166 0.162870 0.105417 0.068121 0.044577 0.029090 0.018948 0.038503 
939.285714 1.121997 0.068549 0.119552 0.122000 0.106455 0.162898 0.105835 0.068447 0.044537 0.029192 0.019207 0.039215 
1000.000000 1.121997 0.069034 0.119262 0.121041 0.106696 0.162902 0.105541 0.068990 0.044543 0.029376 0.019758 0.039384 
1.000000 1.346397 0.087633 0.152778 0.140541 0.114107 0.158271 0.091124 0.053884 0.032694 0.019971 0.012290 0.021304 
50.666667 1.346397 0.086611 0.150784 0.140331 0.114773 0.158427 0.092375 0.054880 0.032672 0.020088 0.012397 0.021681 
100.333333 1.346397 0.085458 0.148365 0.139698 0.113994 0.159974 0.092816 0.055360 0.033050 0.020611 0.013041 0.022593 
150.000000 1.346397 0.083172 0.144559 0.136630 0.113243 0.160685 0.095388 0.057344 0.034735 0.021483 0.013454 0.023923 
210.714286 1.346397 0.080816 0.140126 0.135724 0.112508 0.161335 0.097285 0.058995 0.036024 0.022570 0.014403 0.025257 
271.428571 1.346397 0.078675 0.137304 0.132909 0.111872 0.162440 0.098294 0.060682 0.037225 0.023288 0.014870 0.027012 
332.142857 1.346397 0.076727 0.133961 0.131032 0.111256 0.161864 0.100506 0.061812 0.038988 0.024266 0.015563 0.028681 
392.857143 1.346397 0.076004 0.131771 0.129368 0.111123 0.161992 0.101141 0.062728 0.039471 0.025095 0.015865 0.030012 
453.571429 1.346397 0.075008 0.129330 0.127977 0.109625 0.162556 0.101567 0.063851 0.040485 0.025852 0.016764 0.031449 
514.285714 1.346397 0.073349 0.127288 0.126787 0.109425 0.162650 0.102550 0.065057 0.041222 0.026496 0.017173 0.032492 
575.000000 1.346397 0.072111 0.126066 0.125388 0.108839 0.162025 0.103632 0.066046 0.041808 0.026995 0.017874 0.034121 
635.714286 1.346397 0.071675 0.124528 0.124376 0.108311 0.161830 0.104664 0.066103 0.042804 0.027685 0.018188 0.035270 
696.428571 1.346397 0.071072 0.123095 0.124334 0.108328 0.161947 0.104720 0.066614 0.042916 0.028162 0.018053 0.036317 
757.142857 1.346397 0.070582 0.122011 0.123020 0.108112 0.162851 0.104600 0.066952 0.043759 0.028515 0.018510 0.037137 
817.857143 1.346397 0.069762 0.120685 0.121666 0.107748 0.162493 0.105485 0.068021 0.044029 0.028888 0.019013 0.038447 
878.571429 1.346397 0.068247 0.120059 0.121555 0.107258 0.162607 0.105822 0.068150 0.044629 0.029506 0.019246 0.038922 
939.285714 1.346397 0.069219 0.119409 0.121168 0.106877 0.162826 0.106143 0.068597 0.044938 0.029382 0.019312 0.038961 
1000.000000 1.346397 0.068611 0.118942 0.120574 0.107012 0.162417 0.106092 0.068771 0.045045 0.029704 0.019469 0.039754 
1.000000 1.570796 0.087599 0.152751 0.140665 0.114319 0.157885 0.091188 0.053979 0.032646 0.019956 0.012281 0.021373 
50.666667 1.570796 0.086815 0.150893 0.140331 0.114677 0.158229 0.092419 0.054771 0.032689 0.020056 0.012412 0.021584 
100.333333 1.570796 0.085398 0.148374 0.139620 0.114352 0.159823 0.093059 0.055161 0.033076 0.020609 0.013021 0.022632 
150.000000 1.570796 0.082404 0.144180 0.137220 0.113278 0.159850 0.096258 0.057490 0.034954 0.021983 0.013447 0.023956 
210.714286 1.570796 0.080648 0.139933 0.135211 0.112096 0.160672 0.097776 0.059217 0.036446 0.022673 0.014388 0.025609 
271.428571 1.570796 0.079195 0.137042 0.133533 0.112053 0.161407 0.098412 0.060491 0.037421 0.023712 0.014939 0.026663 
332.142857 1.570796 0.076795 0.134700 0.130831 0.111843 0.161825 0.099992 0.062057 0.038597 0.024120 0.015301 0.028887 
392.857143 1.570796 0.076051 0.130146 0.128893 0.111379 0.162839 0.100290 0.063465 0.039904 0.025074 0.016383 0.030609 
453.571429 1.570796 0.074513 0.128969 0.127424 0.110207 0.162397 0.101756 0.063840 0.040651 0.026357 0.016676 0.031770 
514.285714 1.570796 0.072811 0.127139 0.126798 0.108971 0.162452 0.102585 0.065657 0.041446 0.026580 0.017177 0.033271 
575.000000 1.570796 0.072408 0.125481 0.125190 0.108975 0.162221 0.104239 0.065760 0.041755 0.027454 0.017743 0.034216 
635.714286 1.570796 0.071609 0.124252 0.124311 0.108416 0.162223 0.104633 0.065983 0.042625 0.027462 0.017860 0.035404 
696.428571 1.570796 0.071340 0.122622 0.124182 0.108158 0.162375 0.104288 0.066263 0.043240 0.027948 0.018407 0.036530 
757.142857 1.570796 0.070138 0.121870 0.122742 0.107267 0.162459 0.104662 0.067422 0.043830 0.028687 0.018727 0.037270 
817.857143 1.570796 0.069344 0.121195 0.122151 0.107235 0.161959 0.105779 0.067940 0.043900 0.029213 0.018939 0.037928 
878.571429 1.570796 0.069187 0.120119 0.121317 0.107090 0.161514 0.106079 0.068711 0.044526 0.029153 0.019414 0.039304 
939.285714 1.570796 0.068827 0.119610 0.121088 0.106133 0.162208 0.106540 0.068982 0.044857 0.029259 0.019101 0.039609 
1000.000000 1.570796 0.069166 0.118922 0.119876 0.105982 0.162410 0.106682 0.068702 0.045220 0.029942 0.020154 0.039990 
1.000000 1.795196 0.087565 0.152724 0.140789 0.114531 0.157499 0.091252 0.054074 0.032598 0.019941 0.012272 0.021442 
50.666667 1.795196 0.087019 0.151003 0.140330 0.114581 0.158030 0.092462 0.054662 0.032706 0.020024 0.012426 0.021486 
100.333333 1.795196 0.085338 0.148383 0.139542 0.114709 0.159672 0.093302 0.054962 0.033101 0.020608 0.013001 0.022671 
150.000000 1.795196 0.082942 0.144966 0.137239 0.113673 0.160113 0.095461 0.057189 0.034617 0.021442 0.013528 0.023948 
210.714286 1.795196 0.081033 0.140052 0.134847 0.112922 0.161732 0.097295 0.058742 0.036042 0.022495 0.014361 0.025429 
271.428571 1.795196 0.078728 0.136653 0.133014 0.112414 0.162451 0.098739 0.060443 0.037598 0.023340 0.014705 0.027007 
332.142857 1.795196 0.077175 0.133558 0.130677 0.111698 0.161515 0.100499 0.061334 0.038880 0.024630 0.015904 0.028564 
392.857143 1.795196 0.075991 0.131586 0.129624 0.110693 0.162101 0.101434 0.063351 0.039245 0.025031 0.016060 0.030099 
453.571429 1.795196 0.074806 0.129403 0.127098 0.110646 0.162587 0.101381 0.064108 0.040774 0.025735 0.016601 0.031537 
514.285714 1.795196 0.073387 0.127229 0.126733 0.109409 0.162168 0.102901 0.065121 0.041387 0.026457 0.017237 0.032920 
575.000000 1.795196 0.072690 0.125918 0.125638 0.108787 0.162309 0.103248 0.065529 0.042193 0.026973 0.017630 0.034262 
635.714286 1.795196 0.071682 0.124935 0.124614 0.109025 0.162331 0.103721 0.065745 0.042561 0.027378 0.017963 0.035339 
696.428571 1.795196 0.071135 0.123632 0.123151 0.107994 0.162668 0.104107 0.066795 0.043115 0.027984 0.018189 0.036443 
757.142857 1.795196 0.070882 0.122011 0.122471 0.108128 0.162482 0.104916 0.067109 0.043574 0.028393 0.018646 0.037125 
817.857143 1.795196 0.069876 0.121336 0.121775 0.107401 0.162726 0.104841 0.068141 0.043937 0.028851 0.019032 0.038372 
878.571429 1.795196 0.068981 0.120669 0.121431 0.107588 0.162243 0.105642 0.068380 0.044628 0.028924 0.019315 0.038974 
939.285714 1.795196 0.068824 0.119756 0.120680 0.107175 0.162318 0.105917 0.068690 0.044660 0.029673 0.019412 0.039857 
1000.000000 1.795196 0.068746 0.118902 0.119817 0.105750 0.163136 0.106571 0.069508 0.045173 0.029588 0.019614 0.039940 
1.000000 2.019595 0.087531 0.152697 0.140913 0.114743 0.157113 0.091317 0.054168 0.032550 0.019927 0.012263 0.021511 
50.666667 2.019595 0.087223 0.151112 0.140330 0.114484 0.157832 0.092505 0.054553 0.032723 0.019992 0.012441 0.021389 
100.333333 2.019595 0.085278 0.148393 0.139463 0.115067 0.159521 0.093545 0.054762 0.033127 0.020606 0.012981 0.022710 
150.000000 2.019595 0.083583 0.145335 0.137719 0.114017 0.159318 0.095457 0.056767 0.034459 0.021441 0.013242 0.023515 
210.714286 2.019595 0.081064 0.141179 0.135577 0.113154 0.160843 0.097238 0.058432 0.035664 0.022675 0.014239 0.024882 
271.428571 2.019595 0.079363 0.137102 0.133598 0.112397 0.161697 0.098733 0.059953 0.037465 0.023194 0.014353 0.026742 
332.142857 2.019595 0.077573 0.134279 0.130704 0.111863 0.162261 0.100019 0.062001 0.038230 0.024111 0.015271 0.028105 
392.857143 2.019595 0.076390 0.133046 0.129354 0.110783 0.162234 0.100495 0.063269 0.039357 0.024680 0.015878 0.029418 
453.571429 2.019595 0.075113 0.130006 0.128565 0.110767 0.161936 0.101021 0.063207 0.040283 0.025745 0.016809 0.030631 
514.285714 2.019595 0.073880 0.128113 0.126469 0.109689 0.162550 0.102784 0.064521 0.041254 0.026422 0.016924 0.032196 
575.000000 2.019595 0.073199 0.126996 0.125162 0.109326 0.162560 0.103193 0.065499 0.041389 0.026724 0.017548 0.033373 
635.714286 2.019595 0.071755 0.124826 0.124949 0.108907 0.162267 0.103838 0.066107 0.042237 0.027418 0.017868 0.034696 
696.428571 2.019595 0.071427 0.123615 0.124019 0.108393 0.162404 0.104099 0.066944 0.042830 0.027689 0.018162 0.035454 
757.142857 2.019595 0.070933 0.122373 0.122875 0.107872 0.162566 0.104411 0.066751 0.043376 0.028418 0.018615 0.036808 
817.857143 2.019595 0.069787 0.121720 0.121992 0.107580 0.162344 0.105206 0.067441 0.043883 0.028741 0.019013 0.037633 
878.571429 2.019595 0.069642 0.121203 0.121905 0.107295 0.161888 0.105770 0.068113 0.044080 0.028991 0.019094 0.038068 
939.285714 2.019595 0.069447 0.120594 0.120683 0.107165 0.162030 0.105725 0.068260 0.044722 0.029358 0.019207 0.039208 
1000.000000 2.019595 0.068847 0.119014 0.120556 0.106530 0.162397 0.106153 0.068908 0.045232 0.029291 0.019425 0.039642 
1.000000 2.243995 0.087471 0.152541 0.140916 0.114849 0.156999 0.091519 0.054132 0.032554 0.019943 0.012299 0.021527 
50.666667 2.243995 0.087263 0.151229 0.140492 0.114549 0.157821 0.092430 0.054472 0.032680 0.019973 0.012437 0.021378 
100.333333 2.243995 0.085533 0.148721 0.139622 0.115150 0.159331 0.093427 0.054633 0.033047 0.020568 0.012896 0.022589 
150.000000 2.243995 0.084447 0.146008 0.137999 0.113813 0.158798 0.095013 0.056838 0.034296 0.021189 0.013132 0.023516 
210.714286 2.243995 0.081586 0.142907 0.136062 0.113376 0.160147 0.096504 0.058323 0.035305 0.021975 0.013732 0.024642 
271.428571 2.243995 0.080008 0.139130 0.133948 0.112497 0.161146 0.098801 0.059312 0.036869 0.022754 0.014158 0.026278 
332.142857 2.243995 0.077959 0.136309 0.131768 0.111631 0.161854 0.100155 0.061093 0.037742 0.023680 0.015021 0.027517 
392.857143 2.243995 0.077185 0.134297 0.131217 0.110822 0.161500 0.100467 0.062273 0.038876 0.024485 0.015746 0.028334 
453.571429 2.243995 0.074965 0.130769 0.129770 0.110070 0.162254 0.101532 0.063382 0.039715 0.025705 0.016217 0.030349 
514.285714 2.243995 0.074046 0.128428 0.127764 0.109571 0.162931 0.102607 0.064106 0.040391 0.026321 0.016609 0.031459 
575.000000 2.243995 0.073495 0.126996 0.126728 0.109214 0.161871 0.102975 0.064919 0.041340 0.026400 0.017080 0.032787 
635.714286 2.243995 0.072302 0.126035 0.125582 0.108704 0.162609 0.103694 0.065441 0.041778 0.027030 0.017491 0.033985 
696.428571 2.243995 0.071700 0.124146 0.124145 0.108595 0.162114 0.104468 0.066557 0.042517 0.027713 0.017985 0.034876 
757.142857 2.243995 0.070969 0.123514 0.124427 0.107993 0.162161 0.104318 0.066718 0.042947 0.028002 0.018545 0.035695 
817.857143 2.243995 0.070461 0.122495 0.123507 0.107734 0.162523 0.104612 0.067152 0.043256 0.028613 0.018701 0.036877 
878.571429 2.243995 0.070284 0.121407 0.122057 0.107544 0.162200 0.104525 0.067783 0.043917 0.028751 0.018661 0.037587 
939.285714 2.243995 0.068940 0.120523 0.121592 0.107070 0.162444 0.105585 0.068040 0.044380 0.029151 0.019418 0.038665 
1000.000000 2.243995 0.068900 0.119926 0.120921 0.106785 0.163630 0.106062 0.068290 0.044043 0.028849 0.019510 0.038751 
1.000000 2.468394 0.087397 0.152322 0.140859 0.114901 0.157022 0.091789 0.054029 0.032583 0.019973 0.012356 0.021517 
50.666667 2.468394 0.087221 0.151350 0.140736 0.114694 0.157902 0.092295 0.054406 0.032607 0.019961 0.012423 0.021411 
100.333333 2.468394 0.085945 0.149210 0.139900 0.115094 0.159121 0.093130 0.054540 0.032916 0.020512 0.012778 0.022387 
150.000000 2.468394 0.084475 0.147190 0.138868 0.114519 0.159393 0.094407 0.055270 0.033746 0.020818 0.013106 0.022812 
210.714286 2.468394 0.082655 0.143911 0.136174 0.114491 0.161007 0.095677 0.057313 0.035067 0.021696 0.013542 0.023809 
271.428571 2.468394 0.080656 0.140083 0.135223 0.112047 0.162076 0.097525 0.059027 0.035998 0.022498 0.014180 0.025272 
332.142857 2.468394 0.079470 0.136703 0.132533 0.112093 0.161595 0.099673 0.059885 0.037142 0.023373 0.014436 0.026751 
392.857143 2.468394 0.077815 0.134417 0.131056 0.111763 0.162291 0.099833 0.061258 0.038301 0.023988 0.015322 0.028015 
453.571429 2.468394 0.075935 0.131735 0.129684 0.111111 0.162574 0.101349 0.062338 0.039408 0.024985 0.015834 0.029221 
514.285714 2.468394 0.074696 0.130437 0.128625 0.110738 0.162025 0.101627 0.063265 0.039912 0.025590 0.016575 0.031285 
575.000000 2.468394 0.073185 0.127932 0.126827 0.109791 0.162540 0.102993 0.064823 0.040885 0.026184 0.017064 0.032246 
635.714286 2.468394 0.073195 0.126622 0.125628 0.109762 0.162783 0.103069 0.064975 0.041276 0.026710 0.017267 0.033047 
696.428571 2.468394 0.072210 0.125605 0.124690 0.108610 0.162710 0.103611 0.065758 0.042043 0.027158 0.017800 0.034305 
757.142857 2.468394 0.071696 0.123406 0.123857 0.108403 0.162105 0.104049 0.066877 0.042502 0.028002 0.018077 0.035994 
817.857143 2.468394 0.071205 0.122342 0.123083 0.107839 0.161881 0.104800 0.067078 0.043568 0.028407 0.018623 0.036515 
878.571429 2.468394 0.070542 0.121657 0.122101 0.107838 0.162131 0.105322 0.067333 0.043724 0.028559 0.018656 0.037393 
939.285714 2.468394 0.070025 0.120240 0.121720 0.107159 0.163001 0.105727 0.067867 0.043875 0.028978 0.019036 0.038150 
1000.000000 2.468394 0.069144 0.120292 0.121962 0.106960 0.162247 0.105627 0.067819 0.044340 0.029374 0.019096 0.039016 
1.000000 2.692794 0.087323 0.152102 0.140802 0.114953 0.157045 0.092060 0.053927 0.032613 0.020004 0.012414 0.021507 
50.666667 2.692794 0.087179 0.151471 0.140980 0.114838 0.157984 0.092161 0.054340 0.032535 0.019948 0.012410 0.021443 
100.333333 2.692794 0.086358 0.149699 0.140178 0.115039 0.158911 0.092832 0.054446 0.032784 0.020456 0.012661 0.022186 
150.000000 2.692794 0.085153 0.148064 0.139257 0.114664 0.159169 0.093722 0.055144 0.033584 0.020752 0.012855 0.022688 
210.714286 2.692794 0.083037 0.144410 0.138099 0.113917 0.160079 0.095365 0.056529 0.034761 0.021206 0.013586 0.023838 
271.428571 2.692794 0.081383 0.141059 0.135588 0.112842 0.161774 0.096440 0.058691 0.035604 0.022250 0.014161 0.024557 
332.142857 2.692794 0.079429 0.138642 0.133465 0.113199 0.161099 0.098340 0.059694 0.037096 0.023123 0.014638 0.026038 
392.857143 2.692794 0.078071 0.135263 0.132529 0.112001 0.161879 0.099520 0.060409 0.037744 0.023592 0.015332 0.027646 
453.571429 2.692794 0.077174 0.133402 0.130448 0.111651 0.162204 0.099904 0.062114 0.038629 0.024619 0.015784 0.028841 
514.285714 2.692794 0.075475 0.130779 0.129323 0.110590 0.161871 0.101418 0.063381 0.039930 0.025558 0.016373 0.030215 
575.000000 2.692794 0.074198 0.129044 0.127805 0.110012 0.162325 0.102451 0.064224 0.040402 0.026053 0.016888 0.031490 
635.714286 2.692794 0.073485 0.126847 0.126159 0.109369 0.162681 0.102801 0.065255 0.041486 0.026502 0.017318 0.033008 
696.428571 2.692794 0.072594 0.125523 0.126008 0.108360 0.161839 0.103418 0.065533 0.042143 0.027145 0.017577 0.034155 
757.142857 2.692794 0.071436 0.124706 0.124602 0.108366 0.161997 0.104383 0.065830 0.042424 0.027540 0.017800 0.035028 
817.857143 2.692794 0.071379 0.123037 0.124215 0.108117 0.161762 0.104613 0.066485 0.042401 0.027998 0.018307 0.036275 
878.571429 2.692794 0.070659 0.122169 0.123127 0.107894 0.162186 0.104765 0.067112 0.042962 0.028331 0.018695 0.037073 
939.285714 2.692794 0.069889 0.120870 0.121857 0.107070 0.162625 0.105109 0.068586 0.044071 0.028701 0.019138 0.037742 
1000.000000 2.692794 0.069297 0.120720 0.121337 0.106839 0.162943 0.105813 0.067449 0.044378 0.028990 0.019157 0.039041 
1.000000 2.917193 0.087250 0.151882 0.140745 0.115006 0.157067 0.092331 0.053824 0.032642 0.020035 0.012472 0.021496 
50.666667 2.917193 0.087137 0.151592 0.141223 0.114983 0.158066 0.092027 0.054275 0.032462 0.019936 0.012396 0.021476 
100.333333 2.917193 0.086770 0.150188 0.140456 0.114984 0.158701 0.092535 0.054352 0.032652 0.020400 0.012544 0.021984 
150.000000 2.917193 0.085430 0.148927 0.139538 0.114189 0.159084 0.093264 0.055511 0.033378 0.020380 0.012719 0.022488 
210.714286 2.917193 0.083681 0.145966 0.137979 0.114042 0.160004 0.095056 0.056394 0.034228 0.021119 0.013225 0.023297 
271.428571 2.917193 0.082267 0.141981 0.135378 0.113865 0.160434 0.096492 0.058188 0.035083 0.022032 0.013864 0.024477 
332.142857 2.917193 0.080105 0.139382 0.134322 0.112717 0.161412 0.097861 0.059072 0.036545 0.022639 0.014493 0.025892 
392.857143 2.917193 0.078053 0.136784 0.131762 0.112397 0.161140 0.099851 0.061088 0.037425 0.023759 0.014849 0.027206 
453.571429 2.917193 0.076470 0.134072 0.130539 0.111076 0.161423 0.100624 0.062671 0.038764 0.024181 0.015822 0.028751 
514.285714 2.917193 0.075428 0.131304 0.129256 0.110831 0.162316 0.101562 0.062809 0.039802 0.025257 0.016252 0.029659 
575.000000 2.917193 0.074275 0.128654 0.127187 0.110432 0.162244 0.102380 0.064130 0.040713 0.025880 0.016976 0.031330 
635.714286 2.917193 0.073398 0.127549 0.126647 0.109891 0.163093 0.102459 0.064961 0.041450 0.026684 0.016921 0.032292 
696.428571 2.917193 0.072826 0.126258 0.126525 0.108690 0.162431 0.102990 0.065552 0.041592 0.026859 0.017347 0.033683 
757.142857 2.917193 0.071718 0.125284 0.124873 0.108058 0.162256 0.104307 0.066077 0.042077 0.027340 0.018030 0.034589 
817.857143 2.917193 0.071255 0.123766 0.123708 0.107967 0.161815 0.104769 0.067135 0.042373 0.028040 0.018242 0.036086 
878.571429 2.917193 0.070942 0.121933 0.123152 0.107903 0.162422 0.105116 0.066898 0.042739 0.028522 0.019034 0.036826 
939.285714 2.917193 0.069790 0.121575 0.122404 0.107403 0.162761 0.104988 0.067780 0.043724 0.028523 0.019091 0.037551 
1000.000000 2.917193 0.069826 0.120777 0.121132 0.106918 0.162307 0.105382 0.068542 0.044445 0.028874 0.019393 0.038236 
1.000000 3.141593 0.087176 0.151662 0.140688 0.115058 0.157090 0.092602 0.053722 0.032672 0.020066 0.012530 0.021486 
50.666667 3.141593 0.087095 0.151713 0.141467 0.115128 0.158148 0.091892 0.054209 0.032389 0.019924 0.012383 0.021509 
100.333333 3.141593 0.087183 0.150677 0.140734 0.114929 0.158491 0.092237 0.054259 0.032520 0.020344 0.012426 0.021783 
150.000000 3.141593 0.085633 0.148309 0.139789 0.114645 0.158713 0.093363 0.054990 0.033328 0.020598 0.012779 0.022433 
210.714286 3.141593 0.083139 0.145469 0.138788 0.113634 0.159797 0.094768 0.056403 0.033928 0.021292 0.013380 0.023435 
271.428571 3.141593 0.082212 0.142544 0.136777 0.113856 0.159706 0.096996 0.058196 0.034837 0.021606 0.013595 0.024463 
332.142857 3.141593 0.079625 0.138729 0.133989 0.113243 0.161616 0.098069 0.059192 0.036188 0.022931 0.014392 0.025933 
392.857143 3.141593 0.079121 0.137099 0.132685 0.111996 0.161464 0.098801 0.060331 0.037748 0.023519 0.015096 0.026786 
453.571429 3.141593 0.077576 0.133947 0.129593 0.111379 0.162766 0.100350 0.061320 0.038439 0.024671 0.015608 0.028467 
514.285714 3.141593 0.075563 0.132128 0.128925 0.110492 0.162300 0.101138 0.063057 0.039532 0.025438 0.015835 0.029802 
575.000000 3.141593 0.074428 0.129100 0.128185 0.110645 0.162888 0.101653 0.063497 0.040692 0.025665 0.016527 0.031178 
635.714286 3.141593 0.073230 0.127417 0.126477 0.110185 0.162342 0.103928 0.064795 0.041148 0.026260 0.017146 0.032207 
696.428571 3.141593 0.072882 0.126249 0.125013 0.108833 0.162210 0.103737 0.065744 0.041761 0.027172 0.017383 0.033542 
757.142857 3.141593 0.072333 0.125347 0.124723 0.108469 0.161921 0.103413 0.065761 0.042041 0.027440 0.017926 0.034860 
817.857143 3.141593 0.071366 0.123123 0.123809 0.108140 0.162846 0.104500 0.066689 0.042678 0.027762 0.018146 0.035919 
878.571429 3.141593 0.070453 0.121946 0.122791 0.107802 0.162667 0.104548 0.068269 0.043291 0.028333 0.018399 0.036936 
939.285714 3.141593 0.069929 0.121350 0.121948 0.108197 0.161963 0.105322 0.067801 0.043513 0.028546 0.018991 0.037542 
1000.000000 3.141593 0.069846 0.121252 0.121146 0.106540 0.162684 0.105594 0.068384 0.044138 0.028764 0.019146 0.038668 
