1.000000 0.055326 0.092002 0.099376 0.090662 0.145218 0.100270 0.068682 0.047160 0.032466 0.022518 0.049530
56.50000 0.055314 0.091778 0.098284 0.090898 0.145480 0.101374 0.068968 0.046332 0.032536 0.021962 0.049998
112.0000 0.054946 0.090914 0.097644 0.090788 0.145640 0.101910 0.069326 0.047202 0.032222 0.022456 0.050508
167.5000 0.053818 0.088276 0.096898 0.090454 0.145082 0.101456 0.069520 0.047152 0.033094 0.022870 0.052186
223.0000 0.053046 0.087740 0.095936 0.088910 0.143230 0.102136 0.071052 0.048796 0.033066 0.023216 0.052886
278.5000 0.052170 0.086510 0.094278 0.087978 0.144228 0.102436 0.070904 0.049514 0.034056 0.023422 0.054204
334.0000 0.050964 0.084520 0.092666 0.086228 0.144454 0.102192 0.071590 0.049904 0.034758 0.024216 0.055660
389.5000 0.050476 0.083324 0.091826 0.086452 0.142838 0.102542 0.071710 0.050018 0.035188 0.024842 0.056938
445.0000 0.050032 0.081050 0.090358 0.085040 0.141906 0.102514 0.073256 0.051732 0.036268 0.024748 0.059024
500.5000 0.049054 0.080490 0.089020 0.084536 0.141914 0.103586 0.072668 0.051052 0.036356 0.025774 0.060986
556.0000 0.049058 0.079186 0.087792 0.084254 0.140544 0.102486 0.073202 0.052004 0.036726 0.026148 0.062918
611.5000 0.047974 0.077672 0.086592 0.083874 0.139660 0.102916 0.073786 0.051744 0.037534 0.026432 0.064340
667.0000 0.047248 0.076894 0.086266 0.082702 0.139944 0.102286 0.074210 0.052508 0.037404 0.026710 0.066108
722.5000 0.047304 0.075724 0.085074 0.081728 0.138698 0.103136 0.074370 0.052942 0.037802 0.026514 0.067616
778.0000 0.045906 0.075744 0.084176 0.080958 0.138216 0.102280 0.074098 0.053530 0.038392 0.027526 0.069084
833.5000 0.045818 0.075288 0.083188 0.081090 0.137898 0.102512 0.074600 0.053594 0.038218 0.028040 0.070366
889.0000 0.045402 0.074548 0.082862 0.079904 0.137626 0.102576 0.074304 0.052936 0.038992 0.027904 0.071820
944.5000 0.045988 0.073704 0.082762 0.080032 0.136636 0.102370 0.074146 0.054252 0.038806 0.028564 0.072444
1000.000 0.044960 0.073172 0.082776 0.079680 0.136668 0.102248 0.075204 0.053458 0.039190 0.028344 0.072684
