30625.000000 34176.000000 30365.000000 44598.000000 27467.000000 16365.000000 10097.000000 6033.000000 3721.000000 6759.000000 0.000000
30225.000000 34251.000000 30392.000000 45084.000000 27450.000000 16457.000000 9868.000000 6191.000000 3883.000000 6613.000000 0.000000
30350.000000 33912.000000 30427.000000 44730.000000 27346.000000 16431.000000 10145.000000 6030.000000 3860.000000 6767.000000 0.000000
30090.000000 34255.000000 30339.000000 45130.000000 27579.000000 16796.000000 9967.000000 6163.000000 3849.000000 6687.000000 0.000000
30068.000000 34202.000000 29922.000000 45024.000000 27573.000000 16855.000000 10172.000000 6160.000000 3847.000000 6802.000000 0.000000
29815.000000 34152.000000 29986.000000 45248.000000 27944.000000 16976.000000 10126.000000 6373.000000 3980.000000 6872.000000 0.000000
29763.000000 33507.000000 30505.000000 45013.000000 28029.000000 16760.000000 10347.000000 6392.000000 3958.000000 6827.000000 0.000000
29361.000000 33695.000000 29842.000000 45621.000000 28074.000000 17100.000000 10376.000000 6259.000000 4099.000000 7118.000000 0.000000
29491.000000 33605.000000 30100.000000 45222.000000 28085.000000 17154.000000 10402.000000 6537.000000 3893.000000 7105.000000 0.000000
29150.000000 33238.000000 30195.000000 45403.000000 28190.000000 17054.000000 10333.000000 6407.000000 4076.000000 7023.000000 0.000000
29468.000000 33478.000000 30239.000000 45454.000000 28046.000000 17288.000000 10372.000000 6361.000000 4115.000000 7045.000000 0.000000
29152.000000 33414.000000 30361.000000 45167.000000 28291.000000 16836.000000 10346.000000 6462.000000 4006.000000 7087.000000 0.000000
29339.000000 33613.000000 30054.000000 45314.000000 28121.000000 16872.000000 10261.000000 6374.000000 4016.000000 7082.000000 0.000000
29509.000000 33849.000000 30211.000000 44973.000000 28121.000000 16761.000000 10262.000000 6241.000000 3878.000000 6981.000000 0.000000
29995.000000 33811.000000 30075.000000 44851.000000 27921.000000 16574.000000 10386.000000 6232.000000 3933.000000 6979.000000 0.000000
29904.000000 34160.000000 30339.000000 45043.000000 27877.000000 16611.000000 10196.000000 6331.000000 3854.000000 6817.000000 0.000000
30074.000000 34077.000000 30285.000000 44648.000000 27764.000000 16464.000000 10128.000000 6027.000000 3850.000000 6769.000000 0.000000
30285.000000 33974.000000 30038.000000 44918.000000 27744.000000 16486.000000 9891.000000 6038.000000 3825.000000 6789.000000 0.000000
30439.000000 34369.000000 30190.000000 44871.000000 27338.000000 16420.000000 10104.000000 6030.000000 3842.000000 6710.000000 0.000000
30325.000000 34430.000000 30212.000000 44455.000000 27763.000000 16340.000000 10112.000000 6102.000000 3760.000000 6517.000000 0.000000
29681.000000 34213.000000 30161.000000 45220.000000 27915.000000 16807.000000 10162.000000 6124.000000 3891.000000 6889.000000 0.000000
29779.000000 33982.000000 30158.000000 44660.000000 28296.000000 16567.000000 10067.000000 6177.000000 3995.000000 6947.000000 0.000000
29792.000000 33707.000000 30289.000000 45025.000000 27871.000000 16916.000000 10417.000000 6310.000000 3954.000000 6885.000000 0.000000
29396.000000 33873.000000 30322.000000 44929.000000 28040.000000 16763.000000 10319.000000 6389.000000 4038.000000 7019.000000 0.000000
29570.000000 33588.000000 30250.000000 45498.000000 28125.000000 16768.000000 10290.000000 6436.000000 4049.000000 7066.000000 0.000000
29229.000000 33858.000000 30150.000000 45306.000000 28090.000000 17061.000000 10373.000000 6455.000000 4115.000000 7199.000000 0.000000
29098.000000 33422.000000 29704.000000 45576.000000 28411.000000 17156.000000 10535.000000 6368.000000 4279.000000 7273.000000 0.000000
29110.000000 33072.000000 30100.000000 45397.000000 28391.000000 17517.000000 10508.000000 6625.000000 4029.000000 7232.000000 0.000000
28812.000000 33509.000000 29944.000000 45391.000000 28550.000000 17550.000000 10629.000000 6632.000000 4208.000000 7481.000000 0.000000
28742.000000 33189.000000 29975.000000 45604.000000 28272.000000 17543.000000 10743.000000 6670.000000 4216.000000 7495.000000 0.000000
28280.000000 33138.000000 30073.000000 45470.000000 28405.000000 17492.000000 10561.000000 6677.000000 4281.000000 7429.000000 0.000000
28697.000000 33214.000000 30042.000000 45459.000000 28354.000000 17328.000000 10746.000000 6654.000000 4153.000000 7389.000000 0.000000
28608.000000 33409.000000 30123.000000 45175.000000 28566.000000 17280.000000 10577.000000 6536.000000 4185.000000 7464.000000 0.000000
29067.000000 33401.000000 30032.000000 45291.000000 28675.000000 17325.000000 10613.000000 6526.000000 4097.000000 7251.000000 0.000000
29140.000000 33326.000000 30431.000000 44802.000000 28423.000000 17236.000000 10219.000000 6292.000000 3978.000000 7341.000000 0.000000
29642.000000 33899.000000 30053.000000 44968.000000 28015.000000 17046.000000 10513.000000 6399.000000 4058.000000 7046.000000 0.000000
29944.000000 33529.000000 30256.000000 45238.000000 27951.000000 16869.000000 10162.000000 6318.000000 3985.000000 6958.000000 0.000000
29725.000000 33995.000000 30319.000000 45062.000000 28263.000000 16605.000000 10206.000000 6270.000000 3835.000000 6921.000000 0.000000
29536.000000 33890.000000 30301.000000 45198.000000 28137.000000 16947.000000 10294.000000 6260.000000 3829.000000 6956.000000 0.000000
29714.000000 33694.000000 30105.000000 45616.000000 28000.000000 16804.000000 10134.000000 6233.000000 3820.000000 6850.000000 0.000000
29416.000000 33752.000000 29864.000000 45280.000000 28239.000000 17137.000000 10411.000000 6466.000000 3901.000000 7068.000000 0.000000
29184.000000 33556.000000 30126.000000 45494.000000 28335.000000 16829.000000 10394.000000 6407.000000 3975.000000 7151.000000 0.000000
28881.000000 33389.000000 30404.000000 45704.000000 28314.000000 16819.000000 10325.000000 6416.000000 3843.000000 7324.000000 0.000000
28882.000000 33554.000000 29984.000000 45781.000000 28265.000000 17448.000000 10326.000000 6428.000000 4078.000000 7241.000000 0.000000
28948.000000 33280.000000 30264.000000 45353.000000 28168.000000 17393.000000 10556.000000 6604.000000 4210.000000 7382.000000 0.000000
28644.000000 32996.000000 29957.000000 45438.000000 28487.000000 17615.000000 10522.000000 6683.000000 4060.000000 7529.000000 0.000000
28504.000000 33049.000000 29950.000000 45607.000000 28591.000000 17492.000000 10791.000000 6863.000000 4211.000000 7621.000000 0.000000
28032.000000 33178.000000 29812.000000 45723.000000 28730.000000 17590.000000 10963.000000 6866.000000 4353.000000 7678.000000 0.000000
27738.000000 32858.000000 29528.000000 45776.000000 28794.000000 17653.000000 10904.000000 6905.000000 4411.000000 7913.000000 0.000000
27907.000000 32756.000000 29872.000000 45760.000000 28999.000000 17677.000000 11027.000000 6976.000000 4419.000000 7593.000000 0.000000
27796.000000 32888.000000 29814.000000 45702.000000 28900.000000 17848.000000 10987.000000 6918.000000 4389.000000 7745.000000 0.000000
27953.000000 32958.000000 29780.000000 45525.000000 28950.000000 17733.000000 11016.000000 6843.000000 4298.000000 7706.000000 0.000000
27903.000000 33002.000000 29814.000000 46023.000000 28807.000000 17487.000000 10885.000000 6815.000000 4405.000000 7629.000000 0.000000
28625.000000 33058.000000 29956.000000 45167.000000 28312.000000 17542.000000 10826.000000 6721.000000 4288.000000 7533.000000 0.000000
29078.000000 33286.000000 29870.000000 45649.000000 28532.000000 17389.000000 10537.000000 6542.000000 4082.000000 7244.000000 0.000000
28794.000000 33584.000000 29885.000000 45190.000000 28633.000000 17206.000000 10655.000000 6580.000000 4128.000000 7194.000000 0.000000
29243.000000 33312.000000 30139.000000 45168.000000 28310.000000 16991.000000 10369.000000 6492.000000 4010.000000 7244.000000 0.000000
29267.000000 33722.000000 30107.000000 45688.000000 28199.000000 17160.000000 10322.000000 6418.000000 3993.000000 7075.000000 0.000000
29415.000000 33790.000000 30107.000000 45083.000000 28192.000000 16947.000000 10536.000000 6332.000000 4017.000000 7119.000000 0.000000
28578.000000 33326.000000 29947.000000 45326.000000 28662.000000 17321.000000 10527.000000 6503.000000 4159.000000 7474.000000 0.000000
28620.000000 33188.000000 29951.000000 45367.000000 28485.000000 17603.000000 10668.000000 6543.000000 4132.000000 7447.000000 0.000000
28423.000000 33231.000000 29753.000000 45618.000000 28681.000000 17469.000000 10797.000000 6599.000000 4175.000000 7521.000000 0.000000
28581.000000 33158.000000 29996.000000 45595.000000 28605.000000 17302.000000 10692.000000 6807.000000 4222.000000 7462.000000 0.000000
28417.000000 33004.000000 29835.000000 45776.000000 28583.000000 17584.000000 10929.000000 6701.000000 4279.000000 7633.000000 0.000000
28117.000000 32562.000000 29618.000000 45767.000000 29045.000000 17823.000000 11062.000000 6907.000000 4338.000000 7692.000000 0.000000
27859.000000 32666.000000 29730.000000 45604.000000 28913.000000 18003.000000 11038.000000 6930.000000 4214.000000 7844.000000 0.000000
27472.000000 32476.000000 29888.000000 45661.000000 29325.000000 17967.000000 10961.000000 6938.000000 4504.000000 8116.000000 0.000000
27248.000000 32500.000000 29624.000000 45926.000000 29340.000000 18165.000000 11131.000000 6961.000000 4513.000000 8171.000000 0.000000
27380.000000 32403.000000 29679.000000 45508.000000 29429.000000 18086.000000 11290.000000 7080.000000 4552.000000 8065.000000 0.000000
27123.000000 32304.000000 29564.000000 45831.000000 29308.000000 18437.000000 11319.000000 6982.000000 4435.000000 8325.000000 0.000000
27463.000000 32306.000000 29811.000000 45977.000000 29179.000000 18130.000000 11124.000000 7007.000000 4447.000000 8034.000000 0.000000
27856.000000 32321.000000 29562.000000 45565.000000 29618.000000 17906.000000 11154.000000 6940.000000 4452.000000 8220.000000 0.000000
28481.000000 32750.000000 29862.000000 45609.000000 28575.000000 17680.000000 10949.000000 6712.000000 4226.000000 7699.000000 0.000000
28337.000000 32961.000000 29912.000000 45637.000000 28775.000000 17627.000000 10774.000000 6591.000000 4298.000000 7463.000000 0.000000
28533.000000 33072.000000 29940.000000 45865.000000 28562.000000 17398.000000 10842.000000 6459.000000 4126.000000 7415.000000 0.000000
28673.000000 33211.000000 29883.000000 45760.000000 28590.000000 17412.000000 10603.000000 6508.000000 4178.000000 7277.000000 0.000000
28757.000000 33252.000000 30053.000000 45222.000000 28605.000000 17320.000000 10675.000000 6556.000000 4231.000000 7314.000000 0.000000
28322.000000 32874.000000 30107.000000 45668.000000 28849.000000 17564.000000 10888.000000 6743.000000 4289.000000 7558.000000 0.000000
28168.000000 32669.000000 29868.000000 45769.000000 29143.000000 17661.000000 10943.000000 6758.000000 4339.000000 7687.000000 0.000000
28385.000000 32526.000000 29525.000000 45750.000000 28921.000000 17702.000000 10943.000000 6905.000000 4431.000000 7620.000000 0.000000
27979.000000 32755.000000 30018.000000 45483.000000 29079.000000 17844.000000 11041.000000 7040.000000 4303.000000 7618.000000 0.000000
27838.000000 32608.000000 29755.000000 45716.000000 29249.000000 17840.000000 11032.000000 6867.000000 4382.000000 7906.000000 0.000000
27181.000000 32432.000000 29591.000000 46263.000000 29175.000000 18045.000000 11300.000000 6995.000000 4386.000000 8171.000000 0.000000
27146.000000 32025.000000 29751.000000 45712.000000 29268.000000 18079.000000 11386.000000 7130.000000 4517.000000 8109.000000 0.000000
27239.000000 32321.000000 29533.000000 45462.000000 29440.000000 18370.000000 11522.000000 7152.000000 4636.000000 8305.000000 0.000000
26774.000000 32146.000000 29523.000000 45980.000000 29513.000000 18433.000000 11674.000000 7173.000000 4489.000000 8340.000000 0.000000
26356.000000 31907.000000 29225.000000 45904.000000 29648.000000 18409.000000 11654.000000 7300.000000 4621.000000 8582.000000 0.000000
26788.000000 32016.000000 29122.000000 45553.000000 29651.000000 18624.000000 11660.000000 7358.000000 4727.000000 8516.000000 0.000000
27142.000000 31999.000000 29648.000000 45625.000000 29414.000000 18416.000000 11553.000000 7324.000000 4443.000000 8563.000000 0.000000
27154.000000 32242.000000 29764.000000 45482.000000 29809.000000 18200.000000 11299.000000 7127.000000 4564.000000 8272.000000 0.000000
27205.000000 32320.000000 29366.000000 45907.000000 29477.000000 18162.000000 11348.000000 7275.000000 4391.000000 8244.000000 0.000000
27631.000000 32519.000000 29567.000000 45864.000000 29178.000000 18116.000000 11281.000000 6997.000000 4485.000000 8208.000000 0.000000
27786.000000 32625.000000 29874.000000 46131.000000 28817.000000 17916.000000 10984.000000 6926.000000 4447.000000 7827.000000 0.000000
28009.000000 32674.000000 29733.000000 45544.000000 29126.000000 17826.000000 11122.000000 6849.000000 4356.000000 7768.000000 0.000000
28068.000000 32737.000000 30183.000000 45384.000000 28822.000000 17709.000000 10953.000000 6787.000000 4412.000000 7814.000000 0.000000
28200.000000 32818.000000 29741.000000 45669.000000 29020.000000 17745.000000 10843.000000 6895.000000 4335.000000 7772.000000 0.000000
28056.000000 32873.000000 30052.000000 46002.000000 29029.000000 17840.000000 10845.000000 6843.000000 4218.000000 7553.000000 0.000000
27578.000000 32546.000000 29579.000000 45666.000000 29269.000000 18001.000000 11279.000000 7156.000000 4523.000000 7920.000000 0.000000
27753.000000 32474.000000 29602.000000 45555.000000 29401.000000 17891.000000 11027.000000 7068.000000 4448.000000 8168.000000 0.000000
27588.000000 32325.000000 30053.000000 45972.000000 29452.000000 17854.000000 11183.000000 6899.000000 4364.000000 8127.000000 0.000000
27764.000000 32092.000000 29534.000000 45732.000000 29677.000000 17921.000000 11227.000000 6961.000000 4454.000000 8074.000000 0.000000
27135.000000 32357.000000 29416.000000 45568.000000 29412.000000 18262.000000 11342.000000 7207.000000 4471.000000 8346.000000 0.000000
27157.000000 32221.000000 29481.000000 45637.000000 29468.000000 18174.000000 11496.000000 7138.000000 4533.000000 8287.000000 0.000000
26589.000000 32080.000000 29707.000000 45552.000000 29469.000000 18612.000000 11468.000000 7419.000000 4614.000000 8479.000000 0.000000
26780.000000 31894.000000 29572.000000 45751.000000 29717.000000 18608.000000 11539.000000 7350.000000 4718.000000 8556.000000 0.000000
26280.000000 31683.000000 29362.000000 45355.000000 29969.000000 18780.000000 11808.000000 7465.000000 4825.000000 8854.000000 0.000000
26357.000000 31506.000000 29437.000000 45929.000000 29912.000000 18601.000000 11579.000000 7460.000000 4906.000000 9062.000000 0.000000
26364.000000 31563.000000 29307.000000 45613.000000 30091.000000 18893.000000 11802.000000 7569.000000 4714.000000 8882.000000 0.000000
26509.000000 31906.000000 29266.000000 45859.000000 29635.000000 18702.000000 11752.000000 7366.000000 4682.000000 8819.000000 0.000000
26562.000000 31840.000000 29375.000000 46059.000000 29870.000000 18541.000000 11339.000000 7240.000000 4678.000000 8521.000000 0.000000
27108.000000 31891.000000 29288.000000 46186.000000 29533.000000 18323.000000 11418.000000 7404.000000 4678.000000 8472.000000 0.000000
26984.000000 31987.000000 29723.000000 45715.000000 29586.000000 18325.000000 11360.000000 7294.000000 4511.000000 8253.000000 0.000000
27417.000000 32118.000000 29385.000000 45764.000000 29407.000000 18219.000000 11238.000000 7244.000000 4561.000000 8234.000000 0.000000
27350.000000 32503.000000 29544.000000 45668.000000 29350.000000 18242.000000 11297.000000 6944.000000 4518.000000 8043.000000 0.000000
27417.000000 32317.000000 29657.000000 45678.000000 29403.000000 18300.000000 10989.000000 6977.000000 4428.000000 8186.000000 0.000000
27452.000000 32459.000000 29432.000000 45958.000000 29447.000000 17953.000000 11118.000000 7043.000000 4376.000000 7921.000000 0.000000
27868.000000 32349.000000 29876.000000 45786.000000 29352.000000 17940.000000 11230.000000 6977.000000 4340.000000 7849.000000 0.000000
27476.000000 32180.000000 29534.000000 45667.000000 29339.000000 18239.000000 11436.000000 7022.000000 4505.000000 8211.000000 0.000000
27229.000000 32210.000000 29438.000000 45565.000000 29546.000000 18294.000000 11525.000000 7088.000000 4636.000000 8215.000000 0.000000
27251.000000 32216.000000 29375.000000 45867.000000 29780.000000 18052.000000 11613.000000 7318.000000 4544.000000 8330.000000 0.000000
26911.000000 31903.000000 29688.000000 45837.000000 29621.000000 18233.000000 11359.000000 7286.000000 4678.000000 8374.000000 0.000000
26791.000000 31888.000000 29506.000000 46221.000000 29753.000000 18412.000000 11597.000000 7264.000000 4634.000000 8313.000000 0.000000
26595.000000 31632.000000 29441.000000 45670.000000 29778.000000 18660.000000 11629.000000 7397.000000 4769.000000 8538.000000 0.000000
26510.000000 31620.000000 29323.000000 45858.000000 29918.000000 18926.000000 11652.000000 7693.000000 4792.000000 8845.000000 0.000000
26278.000000 31230.000000 29434.000000 46135.000000 30177.000000 18951.000000 11665.000000 7394.000000 4884.000000 8959.000000 0.000000
25981.000000 31388.000000 29156.000000 45997.000000 29919.000000 19129.000000 11869.000000 7676.000000 4924.000000 9188.000000 0.000000
26096.000000 31407.000000 28976.000000 46036.000000 29970.000000 19047.000000 11906.000000 7730.000000 4992.000000 8966.000000 0.000000
25887.000000 31677.000000 28922.000000 46010.000000 30027.000000 18782.000000 12037.000000 7655.000000 4928.000000 9099.000000 0.000000
25883.000000 31586.000000 29270.000000 46147.000000 29877.000000 18637.000000 12112.000000 7656.000000 4925.000000 9208.000000 0.000000
26069.000000 31585.000000 29413.000000 45697.000000 30069.000000 18923.000000 11856.000000 7625.000000 4853.000000 9180.000000 0.000000
26501.000000 31579.000000 29485.000000 45689.000000 30044.000000 18717.000000 11659.000000 7407.000000 4731.000000 8767.000000 0.000000
26765.000000 31727.000000 29387.000000 45330.000000 30005.000000 18827.000000 11602.000000 7394.000000 4769.000000 8682.000000 0.000000
26995.000000 32019.000000 29383.000000 46016.000000 29469.000000 18418.000000 11524.000000 7218.000000 4741.000000 8631.000000 0.000000
27014.000000 32006.000000 29486.000000 45903.000000 29453.000000 18652.000000 11501.000000 7249.000000 4636.000000 8310.000000 0.000000
27183.000000 32119.000000 29568.000000 45868.000000 29566.000000 18517.000000 11306.000000 7091.000000 4614.000000 8341.000000 0.000000
27227.000000 32096.000000 29411.000000 45888.000000 29500.000000 18222.000000 11349.000000 7199.000000 4571.000000 8191.000000 0.000000
27214.000000 32228.000000 29431.000000 45952.000000 29353.000000 18225.000000 11221.000000 7126.000000 4580.000000 8341.000000 0.000000
26869.000000 31558.000000 29513.000000 45777.000000 29445.000000 18665.000000 11758.000000 7404.000000 4629.000000 8463.000000 0.000000
26573.000000 32035.000000 29533.000000 45330.000000 29627.000000 18768.000000 11605.000000 7284.000000 4747.000000 8633.000000 0.000000
26723.000000 31908.000000 29486.000000 45848.000000 29866.000000 18623.000000 11665.000000 7312.000000 4586.000000 8676.000000 0.000000
26664.000000 31873.000000 29365.000000 46102.000000 29960.000000 18719.000000 11599.000000 7315.000000 4771.000000 8541.000000 0.000000
26478.000000 31448.000000 29429.000000 46081.000000 29820.000000 18776.000000 11941.000000 7491.000000 4722.000000 8841.000000 0.000000
26069.000000 31565.000000 29110.000000 45778.000000 29969.000000 18922.000000 11964.000000 7588.000000 4857.000000 8999.000000 0.000000
26123.000000 31301.000000 29201.000000 46030.000000 30172.000000 18907.000000 12051.000000 7675.000000 4921.000000 8992.000000 0.000000
26063.000000 31235.000000 29042.000000 45811.000000 30000.000000 19001.000000 12011.000000 7633.000000 4995.000000 9283.000000 0.000000
25717.000000 30882.000000 29333.000000 45824.000000 30196.000000 19123.000000 12028.000000 7856.000000 5100.000000 9328.000000 0.000000
25630.000000 30958.000000 29114.000000 46080.000000 30218.000000 18991.000000 12280.000000 7868.000000 5060.000000 9390.000000 0.000000
25730.000000 30977.000000 29099.000000 46003.000000 29923.000000 19091.000000 12377.000000 7801.000000 5041.000000 9403.000000 0.000000
25671.000000 31155.000000 28852.000000 46074.000000 30121.000000 19293.000000 12032.000000 7619.000000 5070.000000 9415.000000 0.000000
25666.000000 31396.000000 28879.000000 45893.000000 30334.000000 19122.000000 11777.000000 7711.000000 5093.000000 9481.000000 0.000000
26010.000000 31481.000000 29271.000000 46038.000000 30105.000000 18877.000000 11952.000000 7697.000000 4888.000000 9077.000000 0.000000
26313.000000 31502.000000 29368.000000 45953.000000 29831.000000 18796.000000 11816.000000 7458.000000 4880.000000 8948.000000 0.000000
26556.000000 31717.000000 29487.000000 46273.000000 29876.000000 18614.000000 11748.000000 7544.000000 4711.000000 8743.000000 0.000000
26362.000000 31781.000000 29546.000000 45696.000000 29992.000000 18513.000000 11728.000000 7409.000000 4763.000000 8642.000000 0.000000
26921.000000 31595.000000 29377.000000 45779.000000 29788.000000 18591.000000 11700.000000 7423.000000 4683.000000 8572.000000 0.000000
26535.000000 31851.000000 29379.000000 45795.000000 29532.000000 18589.000000 11814.000000 7460.000000 4649.000000 8727.000000 0.000000
26887.000000 31871.000000 29608.000000 45398.000000 29619.000000 18334.000000 11549.000000 7376.000000 4512.000000 8623.000000 0.000000
26562.000000 31568.000000 29334.000000 45657.000000 29864.000000 18931.000000 11869.000000 7486.000000 4889.000000 8925.000000 0.000000
26250.000000 31802.000000 29205.000000 45836.000000 29673.000000 18582.000000 11815.000000 7497.000000 4834.000000 8984.000000 0.000000
26545.000000 31675.000000 29307.000000 45817.000000 29777.000000 18773.000000 11683.000000 7656.000000 4810.000000 8870.000000 0.000000
26224.000000 31395.000000 29134.000000 45987.000000 30171.000000 18830.000000 11696.000000 7589.000000 4745.000000 9179.000000 0.000000
26178.000000 31373.000000 29012.000000 45996.000000 30239.000000 18934.000000 11950.000000 7629.000000 4942.000000 9042.000000 0.000000
25829.000000 31249.000000 29104.000000 45983.000000 30489.000000 18892.000000 12084.000000 7696.000000 5016.000000 9055.000000 0.000000
25517.000000 31383.000000 29057.000000 46077.000000 30229.000000 19066.000000 12062.000000 7738.000000 4957.000000 9483.000000 0.000000
25577.000000 31140.000000 29049.000000 45676.000000 30500.000000 19237.000000 12147.000000 7867.000000 5221.000000 9637.000000 0.000000
25409.000000 30734.000000 28935.000000 45534.000000 30491.000000 19081.000000 12391.000000 7938.000000 5205.000000 9723.000000 0.000000
25224.000000 30470.000000 28815.000000 46182.000000 30694.000000 19325.000000 12469.000000 7918.000000 5170.000000 9620.000000 0.000000
25303.000000 30712.000000 28841.000000 45751.000000 30554.000000 19446.000000 12225.000000 7939.000000 5145.000000 9888.000000 0.000000
25219.000000 30771.000000 28997.000000 45717.000000 30467.000000 19268.000000 12341.000000 7978.000000 5118.000000 9563.000000 0.000000
25484.000000 30960.000000 29005.000000 46053.000000 30472.000000 19242.000000 12319.000000 7867.000000 4891.000000 9398.000000 0.000000
25917.000000 30785.000000 29202.000000 46030.000000 30274.000000 19223.000000 12091.000000 7679.000000 4997.000000 9376.000000 0.000000
25869.000000 31553.000000 29068.000000 45854.000000 30067.000000 19124.000000 11883.000000 7595.000000 4863.000000 9429.000000 0.000000
26154.000000 31820.000000 28770.000000 45556.000000 30095.000000 19048.000000 11718.000000 7561.000000 4849.000000 9184.000000 0.000000
25868.000000 31784.000000 29023.000000 45836.000000 30103.000000 18836.000000 11909.000000 7492.000000 4866.000000 9059.000000 0.000000
26379.000000 31385.000000 29326.000000 45849.000000 30147.000000 18790.000000 11759.000000 7542.000000 4896.000000 9036.000000 0.000000
26360.000000 31388.000000 29383.000000 45726.000000 30160.000000 18706.000000 11863.000000 7416.000000 4643.000000 8857.000000 0.000000
26259.000000 31566.000000 29382.000000 45754.000000 29966.000000 18873.000000 11931.000000 7440.000000 4736.000000 8856.000000 0.000000
25841.000000 31180.000000 29414.000000 45573.000000 30122.000000 19116.000000 11938.000000 7738.000000 4993.000000 9361.000000 0.000000
25831.000000 31150.000000 29201.000000 46046.000000 30217.000000 18846.000000 12133.000000 7694.000000 5092.000000 9129.000000 0.000000
26091.000000 31456.000000 28855.000000 45888.000000 30159.000000 19152.000000 11936.000000 7753.000000 4899.000000 9156.000000 0.000000
26058.000000 30927.000000 29216.000000 45814.000000 30146.000000 18911.000000 12089.000000 7818.000000 5074.000000 9295.000000 0.000000
26142.000000 31148.000000 29243.000000 45767.000000 30431.000000 18901.000000 12185.000000 7834.000000 4935.000000 9273.000000 0.000000
25870.000000 31195.000000 28822.000000 45861.000000 30216.000000 18921.000000 12104.000000 8164.000000 5226.000000 9548.000000 0.000000
25405.000000 31052.000000 28806.000000 45793.000000 30695.000000 19235.000000 12305.000000 7916.000000 5025.000000 9636.000000 0.000000
25681.000000 30527.000000 29115.000000 45668.000000 30350.000000 19369.000000 12343.000000 8069.000000 5231.000000 9890.000000 0.000000
25156.000000 30703.000000 29056.000000 45863.000000 30681.000000 19495.000000 12525.000000 8115.000000 5121.000000 9906.000000 0.000000
24881.000000 30596.000000 28759.000000 45601.000000 30726.000000 19594.000000 12426.000000 8157.000000 5367.000000 10106.000000 0.000000
25049.000000 30561.000000 28520.000000 45892.000000 30478.000000 19693.000000 12524.000000 8156.000000 5343.000000 10124.000000 0.000000
25226.000000 30738.000000 28969.000000 45572.000000 30718.000000 19447.000000 12394.000000 8029.000000 5305.000000 10039.000000 0.000000
25486.000000 30649.000000 29142.000000 45772.000000 30667.000000 19504.000000 12265.000000 7834.000000 5227.000000 9949.000000 0.000000
25232.000000 31022.000000 28806.000000 46074.000000 30472.000000 19391.000000 12356.000000 7987.000000 5103.000000 9859.000000 0.000000
25834.000000 31177.000000 28833.000000 45777.000000 30450.000000 19244.000000 12002.000000 7834.000000 5152.000000 9590.000000 0.000000
25745.000000 31299.000000 28931.000000 46110.000000 29893.000000 18982.000000 12218.000000 7768.000000 5022.000000 9474.000000 0.000000
25876.000000 31358.000000 29015.000000 45887.000000 30057.000000 19238.000000 12010.000000 7717.000000 4958.000000 9465.000000 0.000000
26064.000000 31223.000000 29080.000000 45751.000000 30314.000000 18842.000000 12215.000000 7754.000000 4992.000000 9266.000000 0.000000
25926.000000 31366.000000 29039.000000 45883.000000 29782.000000 19044.000000 12114.000000 7608.000000 4917.000000 9191.000000 0.000000
25969.000000 31531.000000 29328.000000 45697.000000 30214.000000 19001.000000 11865.000000 7657.000000 4722.000000 9137.000000 0.000000
25877.000000 30774.000000 29154.000000 45923.000000 30306.000000 18811.000000 12214.000000 7843.000000 4997.000000 9408.000000 0.000000
25603.000000 31227.000000 29121.000000 46007.000000 30238.000000 19007.000000 12222.000000 7842.000000 5055.000000 9255.000000 0.000000
25724.000000 31073.000000 29064.000000 45727.000000 30478.000000 19335.000000 12076.000000 7824.000000 4884.000000 9534.000000 0.000000
25512.000000 30903.000000 28675.000000 45863.000000 30273.000000 19341.000000 12449.000000 7915.000000 5086.000000 9506.000000 0.000000
25457.000000 31136.000000 29061.000000 45693.000000 30347.000000 19379.000000 12361.000000 7743.000000 5096.000000 9842.000000 0.000000
25232.000000 30930.000000 28854.000000 46075.000000 30095.000000 19460.000000 12429.000000 8075.000000 5184.000000 9741.000000 0.000000
24976.000000 30707.000000 28947.000000 46035.000000 30324.000000 19637.000000 12539.000000 8082.000000 5265.000000 10134.000000 0.000000
25129.000000 30693.000000 28420.000000 45695.000000 30697.000000 19598.000000 12494.000000 8181.000000 5380.000000 10041.000000 0.000000
24808.000000 30637.000000 28766.000000 45736.000000 30698.000000 19761.000000 12734.000000 8211.000000 5458.000000 10276.000000 0.000000
24482.000000 30512.000000 28520.000000 45686.000000 30779.000000 19734.000000 12676.000000 8217.000000 5365.000000 10505.000000 0.000000
24867.000000 30090.000000 28564.000000 45800.000000 30915.000000 19710.000000 12735.000000 8002.000000 5254.000000 10312.000000 0.000000
24799.000000 30501.000000 28737.000000 45952.000000 30377.000000 20014.000000 12748.000000 8206.000000 5221.000000 10216.000000 0.000000
24927.000000 30595.000000 28679.000000 45843.000000 30634.000000 19727.000000 12539.000000 8287.000000 5255.000000 10009.000000 0.000000
25053.000000 30741.000000 28993.000000 46049.000000 30635.000000 19529.000000 12313.000000 8045.000000 5100.000000 9966.000000 0.000000
25414.000000 30678.000000 29046.000000 45556.000000 30880.000000 19378.000000 12347.000000 7885.000000 5186.000000 9685.000000 0.000000
25806.000000 30969.000000 28726.000000 45635.000000 30379.000000 19212.000000 12301.000000 7958.000000 5177.000000 9569.000000 0.000000
25729.000000 30961.000000 29289.000000 45776.000000 30432.000000 19074.000000 12235.000000 7769.000000 5061.000000 9412.000000 0.000000
25454.000000 30686.000000 28947.000000 46024.000000 30485.000000 19034.000000 12437.000000 7820.000000 5032.000000 9510.000000 0.000000
25857.000000 30781.000000 29093.000000 45883.000000 30402.000000 19098.000000 12103.000000 7928.000000 5002.000000 9483.000000 0.000000
25950.000000 30970.000000 29151.000000 45767.000000 30432.000000 18969.000000 12067.000000 7983.000000 5053.000000 9467.000000 0.000000
25431.000000 30948.000000 28903.000000 45869.000000 30576.000000 19387.000000 12409.000000 7843.000000 5058.000000 9739.000000 0.000000
25182.000000 30896.000000 28815.000000 45798.000000 30414.000000 19554.000000 12224.000000 7824.000000 5163.000000 9717.000000 0.000000
25516.000000 30870.000000 28676.000000 46082.000000 30468.000000 19385.000000 12393.000000 7964.000000 5065.000000 9840.000000 0.000000
25350.000000 30618.000000 28806.000000 46006.000000 30586.000000 19573.000000 12397.000000 7985.000000 5200.000000 9741.000000 0.000000
25091.000000 30635.000000 28653.000000 45839.000000 30289.000000 19528.000000 12500.000000 8167.000000 5199.000000 9986.000000 0.000000
25139.000000 30260.000000 28780.000000 45953.000000 30568.000000 19681.000000 12572.000000 8047.000000 5223.000000 10059.000000 0.000000
24949.000000 30918.000000 28305.000000 45742.000000 30697.000000 19777.000000 12596.000000 8306.000000 5337.000000 10201.000000 0.000000
24713.000000 30398.000000 28676.000000 45885.000000 30682.000000 19715.000000 12954.000000 8221.000000 5233.000000 10247.000000 0.000000
24685.000000 30071.000000 28536.000000 45915.000000 30923.000000 19760.000000 12812.000000 8318.000000 5492.000000 10639.000000 0.000000
24559.000000 29988.000000 28556.000000 45798.000000 31092.000000 19900.000000 12734.000000 8319.000000 5436.000000 10609.000000 0.000000
24433.000000 30207.000000 29057.000000 45617.000000 30963.000000 19926.000000 12747.000000 8354.000000 5433.000000 10600.000000 0.000000
24875.000000 29980.000000 28836.000000 46034.000000 30843.000000 19704.000000 12566.000000 8169.000000 5562.000000 10479.000000 0.000000
24773.000000 30231.000000 28809.000000 45780.000000 30907.000000 19817.000000 12740.000000 8319.000000 5413.000000 10365.000000 0.000000
24887.000000 30551.000000 28674.000000 46047.000000 30759.000000 19672.000000 12519.000000 8051.000000 5265.000000 10299.000000 0.000000
25101.000000 30580.000000 28741.000000 45702.000000 30800.000000 19429.000000 12478.000000 8146.000000 5254.000000 10038.000000 0.000000
25506.000000 30506.000000 29035.000000 46016.000000 30402.000000 19344.000000 12366.000000 8002.000000 5086.000000 9811.000000 0.000000
24970.000000 30663.000000 28658.000000 45738.000000 30552.000000 19659.000000 12619.000000 7895.000000 5176.000000 10049.000000 0.000000
25689.000000 30599.000000 29010.000000 46065.000000 30360.000000 19133.000000 12478.000000 7901.000000 5095.000000 9809.000000 0.000000
25490.000000 30573.000000 29164.000000 45739.000000 30386.000000 19267.000000 12412.000000 7973.000000 5180.000000 9645.000000 0.000000
25700.000000 30752.000000 28936.000000 45822.000000 30515.000000 19351.000000 12280.000000 7876.000000 5073.000000 9759.000000 0.000000
25050.000000 30696.000000 28797.000000 45770.000000 30585.000000 19472.000000 12483.000000 8115.000000 5156.000000 9963.000000 0.000000
25201.000000 30450.000000 28887.000000 46018.000000 30419.000000 19484.000000 12489.000000 8067.000000 5317.000000 9932.000000 0.000000
24999.000000 30425.000000 28748.000000 46039.000000 30452.000000 19747.000000 12463.000000 8123.000000 5283.000000 9950.000000 0.000000
25263.000000 30677.000000 28928.000000 45467.000000 30806.000000 19437.000000 12506.000000 8271.000000 5195.000000 10166.000000 0.000000
25027.000000 30701.000000 28691.000000 46133.000000 30314.000000 19559.000000 12679.000000 8150.000000 5233.000000 10157.000000 0.000000
24943.000000 30080.000000 28897.000000 45679.000000 30754.000000 19673.000000 12528.000000 8099.000000 5371.000000 10335.000000 0.000000
24819.000000 30174.000000 28518.000000 45775.000000 30875.000000 19897.000000 12884.000000 8341.000000 5280.000000 10432.000000 0.000000
24550.000000 30211.000000 28358.000000 45776.000000 30872.000000 19821.000000 12929.000000 8282.000000 5569.000000 10498.000000 0.000000
24318.000000 30129.000000 28848.000000 45762.000000 30992.000000 19914.000000 12860.000000 8311.000000 5446.000000 10905.000000 0.000000
24250.000000 30041.000000 28548.000000 45893.000000 30851.000000 20124.000000 13012.000000 8420.000000 5609.000000 10656.000000 0.000000
24342.000000 30193.000000 28657.000000 45787.000000 30953.000000 19995.000000 12948.000000 8312.000000 5494.000000 10699.000000 0.000000
24529.000000 29776.000000 28756.000000 46007.000000 30916.000000 19915.000000 12779.000000 8351.000000 5504.000000 10655.000000 0.000000
24559.000000 29903.000000 28697.000000 45841.000000 31110.000000 19817.000000 12835.000000 8454.000000 5453.000000 10726.000000 0.000000
24533.000000 30252.000000 29016.000000 45735.000000 30826.000000 19737.000000 12723.000000 8244.000000 5394.000000 10568.000000 0.000000
24575.000000 29972.000000 28644.000000 46035.000000 31051.000000 19685.000000 12855.000000 8121.000000 5408.000000 10354.000000 0.000000
24762.000000 30568.000000 28832.000000 45764.000000 30671.000000 19652.000000 12649.000000 8121.000000 5344.000000 10278.000000 0.000000
25018.000000 30400.000000 28668.000000 45940.000000 30687.000000 19377.000000 12698.000000 8140.000000 5245.000000 10109.000000 0.000000
25112.000000 30401.000000 28869.000000 45851.000000 30755.000000 19504.000000 12641.000000 8148.000000 5310.000000 9911.000000 0.000000
24882.000000 30556.000000 28639.000000 45532.000000 30740.000000 19627.000000 12572.000000 8095.000000 5311.000000 9962.000000 0.000000
25263.000000 30645.000000 29011.000000 45813.000000 30219.000000 19828.000000 12497.000000 8029.000000 5105.000000 10131.000000 0.000000
24986.000000 30490.000000 28810.000000 45861.000000 31226.000000 19770.000000 12699.000000 8299.000000 5275.000000 10136.000000 0.000000
25096.000000 30157.000000 28679.000000 45651.000000 31161.000000 19697.000000 12794.000000 8110.000000 5249.000000 10049.000000 0.000000
24561.000000 30301.000000 28718.000000 45646.000000 31163.000000 19573.000000 12654.000000 8124.000000 5162.000000 10173.000000 0.000000
24673.000000 30111.000000 28840.000000 46046.000000 31036.000000 19948.000000 12757.000000 8052.000000 5248.000000 10369.000000 0.000000
24733.000000 30299.000000 28430.000000 45920.000000 30865.000000 19792.000000 12646.000000 8113.000000 5430.000000 10502.000000 0.000000
24590.000000 30131.000000 28678.000000 45561.000000 30663.000000 20041.000000 12779.000000 8275.000000 5453.000000 10755.000000 0.000000
24487.000000 29934.000000 28555.000000 45957.000000 31101.000000 19715.000000 12692.000000 8461.000000 5436.000000 10890.000000 0.000000
24341.000000 30145.000000 28534.000000 45739.000000 30937.000000 20058.000000 13071.000000 8315.000000 5475.000000 10791.000000 0.000000
24305.000000 29772.000000 28585.000000 45789.000000 30812.000000 20120.000000 12990.000000 8503.000000 5603.000000 10914.000000 0.000000
24183.000000 29677.000000 28307.000000 45964.000000 31074.000000 20076.000000 13159.000000 8761.000000 5731.000000 11039.000000 0.000000
24264.000000 29834.000000 28451.000000 45725.000000 31029.000000 20146.000000 13014.000000 8600.000000 5768.000000 11053.000000 0.000000
24217.000000 29737.000000 28328.000000 46008.000000 30912.000000 20199.000000 12947.000000 8696.000000 5654.000000 10835.000000 0.000000
24450.000000 30035.000000 28519.000000 45747.000000 31090.000000 19807.000000 12886.000000 8525.000000 5598.000000 10836.000000 0.000000
24450.000000 29604.000000 28456.000000 46266.000000 31062.000000 19947.000000 13003.000000 8228.000000 5464.000000 10584.000000 0.000000
24335.000000 29813.000000 28365.000000 45824.000000 30828.000000 20032.000000 12704.000000 8408.000000 5391.000000 10766.000000 0.000000
24641.000000 30200.000000 28574.000000 46129.000000 30955.000000 19752.000000 12681.000000 8206.000000 5457.000000 10589.000000 0.000000
24840.000000 30428.000000 28487.000000 46039.000000 30651.000000 19620.000000 12651.000000 8451.000000 5421.000000 10177.000000 0.000000
25118.000000 30359.000000 28610.000000 45733.000000 30517.000000 19990.000000 12456.000000 8094.000000 5410.000000 10289.000000 0.000000
25086.000000 30321.000000 28767.000000 45954.000000 30695.000000 19450.000000 12592.000000 7974.000000 5268.000000 10280.000000 0.000000
24731.000000 30280.000000 28811.000000 46347.000000 30922.000000 19577.000000 12736.000000 8106.000000 5280.000000 10370.000000 0.000000
24759.000000 30093.000000 28435.000000 45568.000000 30929.000000 19999.000000 12598.000000 8302.000000 5275.000000 10427.000000 0.000000
24805.000000 30265.000000 28446.000000 46284.000000 30688.000000 19816.000000 12704.000000 8287.000000 5262.000000 10494.000000 0.000000
24648.000000 30162.000000 28656.000000 45742.000000 31120.000000 19822.000000 12877.000000 8209.000000 5423.000000 10552.000000 0.000000
24625.000000 30416.000000 28697.000000 45928.000000 31105.000000 19624.000000 12799.000000 8279.000000 5552.000000 10848.000000 0.000000
24569.000000 30238.000000 28532.000000 45893.000000 30770.000000 20099.000000 12901.000000 8363.000000 5542.000000 10800.000000 0.000000
24425.000000 29994.000000 28341.000000 46257.000000 30985.000000 19802.000000 12753.000000 8339.000000 5564.000000 10848.000000 0.000000
24263.000000 30019.000000 28356.000000 46103.000000 31163.000000 20068.000000 12886.000000 8514.000000 5463.000000 10887.000000 0.000000
24181.000000 29885.000000 28460.000000 45765.000000 31234.000000 20001.000000 13090.000000 8545.000000 5607.000000 11040.000000 0.000000
24103.000000 29828.000000 28720.000000 45997.000000 31193.000000 20177.000000 12860.000000 8659.000000 5687.000000 11211.000000 0.000000
23977.000000 29771.000000 28303.000000 45592.000000 31238.000000 20000.000000 13365.000000 8741.000000 5546.000000 11282.000000 0.000000
24287.000000 29424.000000 28571.000000 45887.000000 31024.000000 20226.000000 13101.000000 8534.000000 5545.000000 11320.000000 0.000000
24241.000000 29459.000000 28260.000000 45909.000000 31073.000000 20303.000000 12980.000000 8493.000000 5596.000000 11144.000000 0.000000
24327.000000 29452.000000 28587.000000 46052.000000 31207.000000 19970.000000 12795.000000 8602.000000 5505.000000 11163.000000 0.000000
24526.000000 30056.000000 28447.000000 45747.000000 30961.000000 20173.000000 12927.000000 8278.000000 5531.000000 10972.000000 0.000000
24333.000000 30087.000000 28568.000000 45894.000000 30921.000000 19900.000000 12896.000000 8363.000000 5360.000000 10828.000000 0.000000
24629.000000 30004.000000 28444.000000 45477.000000 30914.000000 20023.000000 12893.000000 8453.000000 5519.000000 10689.000000 0.000000
24512.000000 30326.000000 28579.000000 45913.000000 30895.000000 19568.000000 12734.000000 8163.000000 5474.000000 10601.000000 0.000000
24576.000000 30201.000000 28671.000000 45756.000000 30880.000000 19809.000000 12670.000000 8359.000000 5406.000000 10552.000000 0.000000
24520.000000 30447.000000 28752.000000 45860.000000 30803.000000 19601.000000 12649.000000 8323.000000 5434.000000 10499.000000 0.000000
24654.000000 30168.000000 28635.000000 46005.000000 30857.000000 20054.000000 12774.000000 8274.000000 5370.000000 10238.000000 0.000000
24276.000000 30247.000000 28396.000000 45688.000000 30930.000000 19950.000000 12910.000000 8509.000000 5580.000000 10775.000000 0.000000
24280.000000 29849.000000 28240.000000 46044.000000 31200.000000 20006.000000 12851.000000 8353.000000 5537.000000 10575.000000 0.000000
24170.000000 29765.000000 28675.000000 46044.000000 30876.000000 19869.000000 12958.000000 8342.000000 5494.000000 10833.000000 0.000000
24338.000000 29852.000000 28464.000000 46116.000000 31333.000000 20187.000000 12700.000000 8304.000000 5544.000000 10789.000000 0.000000
24077.000000 29621.000000 28469.000000 46402.000000 31226.000000 19834.000000 13016.000000 8378.000000 5550.000000 10832.000000 0.000000
24448.000000 29801.000000 28232.000000 45937.000000 30893.000000 19998.000000 13162.000000 8341.000000 5621.000000 10967.000000 0.000000
24038.000000 29900.000000 28416.000000 45760.000000 30972.000000 20094.000000 13172.000000 8540.000000 5790.000000 11117.000000 0.000000
23998.000000 29843.000000 28455.000000 45862.000000 31101.000000 20377.000000 13151.000000 8607.000000 5662.000000 11242.000000 0.000000
24098.000000 29619.000000 27929.000000 46211.000000 31089.000000 20266.000000 13242.000000 8544.000000 5665.000000 11253.000000 0.000000
23629.000000 29495.000000 28149.000000 45860.000000 31356.000000 20562.000000 13284.000000 8684.000000 5601.000000 11426.000000 0.000000
23691.000000 29496.000000 28067.000000 45932.000000 31372.000000 20314.000000 13281.000000 8709.000000 5714.000000 11499.000000 0.000000
23794.000000 29624.000000 28489.000000 45940.000000 31218.000000 20368.000000 13260.000000 8709.000000 5620.000000 11489.000000 0.000000
23843.000000 29512.000000 28641.000000 45785.000000 30987.000000 20163.000000 13180.000000 8576.000000 5677.000000 11365.000000 0.000000
23921.000000 29837.000000 28380.000000 45496.000000 31266.000000 19819.000000 13385.000000 8633.000000 5611.000000 11196.000000 0.000000
24313.000000 29787.000000 28732.000000 46004.000000 31053.000000 19936.000000 13038.000000 8505.000000 5604.000000 10955.000000 0.000000
24026.000000 29870.000000 28765.000000 45884.000000 30874.000000 20156.000000 13007.000000 8422.000000 5518.000000 10952.000000 0.000000
24092.000000 29949.000000 28375.000000 46142.000000 30679.000000 20003.000000 12970.000000 8549.000000 5568.000000 10908.000000 0.000000
24421.000000 29915.000000 28834.000000 45879.000000 31101.000000 20058.000000 12922.000000 8357.000000 5513.000000 10870.000000 0.000000
24550.000000 29888.000000 28670.000000 46222.000000 30824.000000 19967.000000 12797.000000 8451.000000 5506.000000 10828.000000 0.000000
24392.000000 30040.000000 28410.000000 45615.000000 31207.000000 19846.000000 12865.000000 8353.000000 5615.000000 10790.000000 0.000000
24251.000000 29714.000000 28109.000000 45908.000000 31033.000000 19895.000000 12882.000000 8730.000000 5684.000000 10975.000000 0.000000
24115.000000 29918.000000 28482.000000 45664.000000 30941.000000 20208.000000 12997.000000 8444.000000 5645.000000 10976.000000 0.000000
24302.000000 29725.000000 28336.000000 45918.000000 31066.000000 19983.000000 13089.000000 8570.000000 5614.000000 10916.000000 0.000000
24225.000000 30087.000000 28448.000000 45998.000000 30918.000000 20066.000000 13047.000000 8398.000000 5337.000000 10909.000000 0.000000
23978.000000 29784.000000 28524.000000 45820.000000 31180.000000 20278.000000 13093.000000 8478.000000 5541.000000 11049.000000 0.000000
23594.000000 29505.000000 28302.000000 45942.000000 31177.000000 20099.000000 13125.000000 8715.000000 5696.000000 11155.000000 0.000000
23961.000000 29802.000000 28217.000000 46020.000000 31155.000000 20459.000000 13011.000000 8502.000000 5599.000000 11336.000000 0.000000
23929.000000 29459.000000 28239.000000 45459.000000 31392.000000 20483.000000 13401.000000 8822.000000 5751.000000 11462.000000 0.000000
23798.000000 29692.000000 28247.000000 45997.000000 31222.000000 20096.000000 13410.000000 8579.000000 5786.000000 11528.000000 0.000000
23856.000000 29539.000000 28249.000000 45760.000000 31146.000000 20249.000000 13259.000000 8700.000000 5809.000000 11677.000000 0.000000
23556.000000 29285.000000 27875.000000 46234.000000 31140.000000 20471.000000 13418.000000 8903.000000 5922.000000 11546.000000 0.000000
23855.000000 29458.000000 28356.000000 45921.000000 30918.000000 20562.000000 13195.000000 8790.000000 5821.000000 11578.000000 0.000000
23616.000000 29681.000000 28384.000000 46004.000000 31282.000000 20617.000000 13309.000000 8665.000000 5855.000000 11306.000000 0.000000
23978.000000 29753.000000 28193.000000 45693.000000 31357.000000 20307.000000 13005.000000 8609.000000 5555.000000 11267.000000 0.000000
23835.000000 29687.000000 28335.000000 45821.000000 31196.000000 20057.000000 13035.000000 8691.000000 5771.000000 11217.000000 0.000000
24140.000000 29820.000000 28444.000000 45703.000000 31223.000000 20259.000000 13031.000000 8493.000000 5468.000000 11243.000000 0.000000
24266.000000 29853.000000 28182.000000 45792.000000 30768.000000 20097.000000 13123.000000 8639.000000 5586.000000 11241.000000 0.000000
24248.000000 29682.000000 28388.000000 45919.000000 30890.000000 20309.000000 13060.000000 8443.000000 5729.000000 11036.000000 0.000000
24366.000000 29859.000000 28535.000000 45945.000000 30879.000000 20062.000000 13010.000000 8527.000000 5542.000000 10981.000000 0.000000
24326.000000 29908.000000 28621.000000 45948.000000 30924.000000 20112.000000 13198.000000 8401.000000 5581.000000 10906.000000 0.000000
23815.000000 29798.000000 28064.000000 46074.000000 31178.000000 20452.000000 13232.000000 8641.000000 5663.000000 11227.000000 0.000000
23714.000000 29988.000000 28398.000000 46068.000000 31272.000000 20186.000000 13168.000000 8581.000000 5608.000000 11077.000000 0.000000
24178.000000 29757.000000 28546.000000 45646.000000 31172.000000 20173.000000 13145.000000 8725.000000 5577.000000 11469.000000 0.000000
24102.000000 29953.000000 27872.000000 45761.000000 31279.000000 20254.000000 12976.000000 8625.000000 5660.000000 11264.000000 0.000000
23996.000000 30042.000000 28251.000000 45690.000000 31450.000000 20256.000000 13110.000000 8522.000000 5700.000000 11511.000000 0.000000
23803.000000 29794.000000 28326.000000 45780.000000 31340.000000 20236.000000 13099.000000 8549.000000 5656.000000 11593.000000 0.000000
23739.000000 29504.000000 28273.000000 46166.000000 31293.000000 20263.000000 13263.000000 8818.000000 5794.000000 11618.000000 0.000000
23742.000000 29395.000000 28346.000000 45874.000000 31145.000000 20276.000000 13397.000000 8867.000000 5812.000000 11602.000000 0.000000
23475.000000 29395.000000 28169.000000 45843.000000 31469.000000 20461.000000 13240.000000 8762.000000 5932.000000 11841.000000 0.000000
23658.000000 29247.000000 28202.000000 45550.000000 31487.000000 20451.000000 13365.000000 8891.000000 5856.000000 11570.000000 0.000000
23646.000000 29609.000000 28468.000000 46065.000000 31104.000000 20465.000000 13394.000000 8763.000000 5694.000000 11707.000000 0.000000
23755.000000 29592.000000 28232.000000 45695.000000 31478.000000 20595.000000 13312.000000 8637.000000 5853.000000 11620.000000 0.000000
23716.000000 29390.000000 28088.000000 45954.000000 31602.000000 20400.000000 13303.000000 8724.000000 5733.000000 11589.000000 0.000000
23616.000000 29479.000000 28318.000000 45971.000000 31237.000000 20236.000000 13254.000000 8658.000000 5740.000000 11404.000000 0.000000
24228.000000 29550.000000 28445.000000 45617.000000 30988.000000 20273.000000 13330.000000 8468.000000 5622.000000 11445.000000 0.000000
23933.000000 29670.000000 28234.000000 45875.000000 31178.000000 20295.000000 13155.000000 8510.000000 5669.000000 11344.000000 0.000000
23896.000000 29687.000000 28360.000000 46191.000000 31360.000000 20320.000000 13223.000000 8503.000000 5775.000000 11185.000000 0.000000
24140.000000 29901.000000 28090.000000 45901.000000 31112.000000 20356.000000 13131.000000 8757.000000 5706.000000 11242.000000 0.000000
24044.000000 29685.000000 28333.000000 45790.000000 31184.000000 20409.000000 13116.000000 8537.000000 5533.000000 11143.000000 0.000000
24410.000000 29403.000000 28531.000000 45897.000000 31065.000000 20229.000000 13082.000000 8751.000000 5641.000000 11306.000000 0.000000
23890.000000 29565.000000 28145.000000 45785.000000 31537.000000 20112.000000 13280.000000 8628.000000 5845.000000 11575.000000 0.000000
23951.000000 29588.000000 28461.000000 45585.000000 31097.000000 20274.000000 13239.000000 8584.000000 5550.000000 11626.000000 0.000000
23740.000000 29603.000000 28106.000000 46103.000000 31127.000000 20672.000000 13087.000000 8652.000000 5733.000000 11470.000000 0.000000
23619.000000 29480.000000 28133.000000 46011.000000 31459.000000 20211.000000 13276.000000 8625.000000 5594.000000 11652.000000 0.000000
23810.000000 29489.000000 28156.000000 45987.000000 31142.000000 20340.000000 13347.000000 8705.000000 5813.000000 11604.000000 0.000000
23435.000000 29504.000000 28519.000000 45525.000000 31308.000000 20477.000000 13445.000000 8791.000000 5830.000000 11569.000000 0.000000
23715.000000 29555.000000 28265.000000 46159.000000 31282.000000 20224.000000 13250.000000 8893.000000 5733.000000 11667.000000 0.000000
23679.000000 29359.000000 28143.000000 45957.000000 31463.000000 20421.000000 13419.000000 8789.000000 5758.000000 11705.000000 0.000000
23195.000000 29309.000000 28437.000000 45834.000000 31396.000000 20659.000000 13326.000000 8925.000000 5929.000000 11938.000000 0.000000
23221.000000 29076.000000 28238.000000 46103.000000 31161.000000 20747.000000 13601.000000 9022.000000 5864.000000 12079.000000 0.000000
23355.000000 28983.000000 28133.000000 46170.000000 31384.000000 20558.000000 13572.000000 8947.000000 5952.000000 11625.000000 0.000000
23466.000000 29206.000000 28415.000000 45832.000000 31349.000000 20594.000000 13532.000000 8878.000000 5880.000000 11800.000000 0.000000
23388.000000 29609.000000 28371.000000 45697.000000 31206.000000 20502.000000 13206.000000 8886.000000 5849.000000 11773.000000 0.000000
23401.000000 29821.000000 28340.000000 45926.000000 31136.000000 20234.000000 13450.000000 8766.000000 5703.000000 11801.000000 0.000000
23672.000000 29365.000000 27994.000000 45871.000000 31395.000000 20318.000000 13345.000000 8556.000000 5718.000000 11512.000000 0.000000
23983.000000 29243.000000 28208.000000 45913.000000 31497.000000 20502.000000 13337.000000 8493.000000 5744.000000 11452.000000 0.000000
24013.000000 29485.000000 28029.000000 45836.000000 31283.000000 20371.000000 13358.000000 8683.000000 5733.000000 11544.000000 0.000000
23798.000000 29410.000000 28321.000000 45751.000000 31219.000000 20223.000000 13225.000000 8662.000000 5854.000000 11365.000000 0.000000
23671.000000 29545.000000 28506.000000 45635.000000 31105.000000 20087.000000 13328.000000 8709.000000 5648.000000 11335.000000 0.000000
23954.000000 29458.000000 28230.000000 45855.000000 31330.000000 20288.000000 13164.000000 8610.000000 5760.000000 11467.000000 0.000000
23514.000000 29699.000000 28334.000000 45723.000000 31114.000000 20525.000000 13221.000000 8867.000000 5609.000000 11588.000000 0.000000
23694.000000 29299.000000 28407.000000 46282.000000 31212.000000 20385.000000 13465.000000 8672.000000 5876.000000 11793.000000 0.000000
23579.000000 29581.000000 28279.000000 45507.000000 31289.000000 20355.000000 13305.000000 8772.000000 5801.000000 11480.000000 0.000000
23716.000000 29537.000000 28380.000000 45982.000000 31362.000000 20475.000000 13280.000000 8706.000000 5700.000000 11610.000000 0.000000
23514.000000 29506.000000 28121.000000 45673.000000 31372.000000 20695.000000 13225.000000 8931.000000 5750.000000 11625.000000 0.000000
23641.000000 29085.000000 28426.000000 45999.000000 31549.000000 20240.000000 13371.000000 8818.000000 5852.000000 11678.000000 0.000000
23672.000000 29289.000000 28201.000000 45930.000000 31492.000000 20695.000000 13444.000000 8711.000000 5887.000000 11742.000000 0.000000
23577.000000 29053.000000 28245.000000 45856.000000 31158.000000 20626.000000 13320.000000 8963.000000 5961.000000 12008.000000 0.000000
23559.000000 28984.000000 28003.000000 45954.000000 31463.000000 20713.000000 13482.000000 8894.000000 6053.000000 11986.000000 0.000000
23299.000000 29117.000000 27951.000000 45795.000000 31478.000000 20749.000000 13721.000000 8987.000000 5931.000000 12169.000000 0.000000
23532.000000 29482.000000 27920.000000 45671.000000 31486.000000 21019.000000 13440.000000 8919.000000 6072.000000 11907.000000 0.000000
23214.000000 29375.000000 28188.000000 45836.000000 31375.000000 20605.000000 13573.000000 8801.000000 5867.000000 12043.000000 0.000000
23667.000000 29159.000000 27965.000000 45740.000000 31637.000000 20732.000000 13430.000000 8884.000000 5773.000000 11950.000000 0.000000
23652.000000 29301.000000 28132.000000 45934.000000 31498.000000 20389.000000 13469.000000 8728.000000 5809.000000 11651.000000 0.000000
23757.000000 29347.000000 28125.000000 46055.000000 31286.000000 20407.000000 13346.000000 8681.000000 5932.000000 11849.000000 0.000000
23951.000000 29337.000000 28154.000000 45787.000000 31374.000000 20737.000000 13193.000000 8953.000000 5704.000000 11738.000000 0.000000
23756.000000 29590.000000 28242.000000 45488.000000 31268.000000 20369.000000 13311.000000 8722.000000 5901.000000 11683.000000 0.000000
23861.000000 29408.000000 28270.000000 45982.000000 31119.000000 20441.000000 13404.000000 8815.000000 5751.000000 11429.000000 0.000000
23601.000000 29357.000000 28064.000000 45941.000000 31564.000000 20567.000000 13339.000000 8579.000000 5633.000000 11487.000000 0.000000
23683.000000 29594.000000 28002.000000 45798.000000 31127.000000 20504.000000 13307.000000 8679.000000 5835.000000 11848.000000 0.000000
