5725.000000 4846.000000 3952.000000 3159.000000 2692.000000 2179.000000 15342.000000 0.000000
5850.000000 4768.000000 3925.000000 3185.000000 2630.000000 2190.000000 15293.000000 0.000000
5734.000000 4727.000000 3928.000000 3186.000000 2571.000000 2250.000000 15410.000000 0.000000
5685.000000 4705.000000 3981.000000 3183.000000 2723.000000 2255.000000 15475.000000 0.000000
5715.000000 4713.000000 3939.000000 3138.000000 2741.000000 2183.000000 15787.000000 0.000000
5668.000000 4696.000000 3951.000000 3363.000000 2729.000000 2226.000000 16070.000000 0.000000
5609.000000 4754.000000 3955.000000 3385.000000 2731.000000 2293.000000 15930.000000 0.000000
5738.000000 4798.000000 3930.000000 3345.000000 2797.000000 2188.000000 16290.000000 0.000000
5806.000000 4879.000000 4016.000000 3234.000000 2648.000000 2294.000000 16486.000000 0.000000
5592.000000 4833.000000 3918.000000 3261.000000 2795.000000 2272.000000 16247.000000 0.000000
5685.000000 4692.000000 3948.000000 3278.000000 2807.000000 2199.000000 16223.000000 0.000000
5672.000000 4895.000000 4125.000000 3208.000000 2664.000000 2385.000000 16333.000000 0.000000
5639.000000 4846.000000 3850.000000 3247.000000 2708.000000 2221.000000 16408.000000 0.000000
5735.000000 4816.000000 3938.000000 3204.000000 2804.000000 2282.000000 16317.000000 0.000000
5596.000000 4730.000000 3839.000000 3287.000000 2676.000000 2175.000000 15948.000000 0.000000
5491.000000 4758.000000 3877.000000 3205.000000 2559.000000 2173.000000 15678.000000 0.000000
5729.000000 4871.000000 4035.000000 3167.000000 2658.000000 2307.000000 15527.000000 0.000000
5673.000000 4789.000000 3821.000000 3217.000000 2591.000000 2235.000000 15394.000000 0.000000
5627.000000 4727.000000 3912.000000 3225.000000 2633.000000 2236.000000 15396.000000 0.000000
5720.000000 4719.000000 3939.000000 3195.000000 2658.000000 2254.000000 15373.000000 0.000000
5716.000000 4751.000000 3912.000000 3283.000000 2663.000000 2103.000000 15708.000000 0.000000
5757.000000 4722.000000 3936.000000 3116.000000 2668.000000 2243.000000 15609.000000 0.000000
5665.000000 4736.000000 3901.000000 3261.000000 2636.000000 2146.000000 15821.000000 0.000000
5752.000000 4634.000000 4043.000000 3251.000000 2677.000000 2208.000000 15981.000000 0.000000
5645.000000 4690.000000 3945.000000 3236.000000 2692.000000 2215.000000 16218.000000 0.000000
5633.000000 4722.000000 4029.000000 3194.000000 2599.000000 2248.000000 16360.000000 0.000000
5698.000000 4787.000000 4011.000000 3294.000000 2701.000000 2334.000000 16464.000000 0.000000
5767.000000 4652.000000 4011.000000 3274.000000 2726.000000 2371.000000 16709.000000 0.000000
5655.000000 4795.000000 3874.000000 3408.000000 2723.000000 2278.000000 16759.000000 0.000000
5733.000000 4765.000000 3906.000000 3292.000000 2650.000000 2287.000000 17113.000000 0.000000
5623.000000 4779.000000 3942.000000 3224.000000 2775.000000 2285.000000 17030.000000 0.000000
5689.000000 4643.000000 3859.000000 3308.000000 2768.000000 2285.000000 16808.000000 0.000000
5705.000000 4676.000000 3932.000000 3228.000000 2865.000000 2275.000000 16871.000000 0.000000
5709.000000 4750.000000 3907.000000 3237.000000 2764.000000 2198.000000 16676.000000 0.000000
5578.000000 4768.000000 3863.000000 3149.000000 2766.000000 2226.000000 16344.000000 0.000000
5753.000000 4838.000000 3958.000000 3183.000000 2729.000000 2256.000000 15979.000000 0.000000
5719.000000 4766.000000 3905.000000 3186.000000 2744.000000 2169.000000 15815.000000 0.000000
5673.000000 4837.000000 3902.000000 3283.000000 2603.000000 2244.000000 15928.000000 0.000000
5653.000000 4805.000000 3929.000000 3212.000000 2696.000000 2228.000000 15752.000000 0.000000
5782.000000 4724.000000 3940.000000 3303.000000 2682.000000 2161.000000 15522.000000 0.000000
5845.000000 4786.000000 3951.000000 3188.000000 2703.000000 2257.000000 15909.000000 0.000000
5718.000000 4851.000000 3945.000000 3256.000000 2774.000000 2232.000000 15922.000000 0.000000
5788.000000 4806.000000 4014.000000 3274.000000 2641.000000 2214.000000 16039.000000 0.000000
5619.000000 4877.000000 3823.000000 3282.000000 2694.000000 2211.000000 16197.000000 0.000000
5575.000000 4886.000000 3976.000000 3258.000000 2710.000000 2302.000000 16332.000000 0.000000
5629.000000 4831.000000 3949.000000 3273.000000 2718.000000 2277.000000 16569.000000 0.000000
5746.000000 4676.000000 3867.000000 3386.000000 2678.000000 2293.000000 16866.000000 0.000000
5719.000000 4790.000000 3930.000000 3337.000000 2709.000000 2221.000000 17000.000000 0.000000
5474.000000 4771.000000 4028.000000 3246.000000 2670.000000 2265.000000 17229.000000 0.000000
5570.000000 4621.000000 3825.000000 3302.000000 2734.000000 2321.000000 17242.000000 0.000000
5673.000000 4881.000000 3959.000000 3212.000000 2685.000000 2270.000000 17434.000000 0.000000
5511.000000 4924.000000 4023.000000 3236.000000 2785.000000 2299.000000 17275.000000 0.000000
5639.000000 4747.000000 3932.000000 3311.000000 2763.000000 2342.000000 17056.000000 0.000000
5591.000000 4814.000000 3889.000000 3356.000000 2793.000000 2260.000000 16892.000000 0.000000
5766.000000 4677.000000 3904.000000 3267.000000 2679.000000 2220.000000 16492.000000 0.000000
5632.000000 4816.000000 3890.000000 3140.000000 2732.000000 2273.000000 16251.000000 0.000000
5723.000000 4759.000000 3963.000000 3305.000000 2689.000000 2281.000000 16198.000000 0.000000
5804.000000 4948.000000 4014.000000 3216.000000 2690.000000 2304.000000 15993.000000 0.000000
5636.000000 4795.000000 3865.000000 3163.000000 2712.000000 2224.000000 15890.000000 0.000000
5816.000000 4694.000000 3898.000000 3238.000000 2773.000000 2202.000000 16191.000000 0.000000
5725.000000 4796.000000 3907.000000 3233.000000 2756.000000 2225.000000 16076.000000 0.000000
5630.000000 4907.000000 3969.000000 3222.000000 2671.000000 2279.000000 16140.000000 0.000000
5760.000000 4802.000000 3868.000000 3228.000000 2662.000000 2260.000000 16375.000000 0.000000
5769.000000 4762.000000 3968.000000 3276.000000 2754.000000 2238.000000 16623.000000 0.000000
5707.000000 4820.000000 3859.000000 3213.000000 2753.000000 2263.000000 16918.000000 0.000000
5676.000000 4693.000000 3926.000000 3272.000000 2636.000000 2350.000000 17043.000000 0.000000
5585.000000 4755.000000 3820.000000 3311.000000 2760.000000 2286.000000 17310.000000 0.000000
5667.000000 4738.000000 3896.000000 3379.000000 2733.000000 2346.000000 17542.000000 0.000000
5605.000000 4802.000000 3960.000000 3214.000000 2722.000000 2179.000000 17653.000000 0.000000
5488.000000 4668.000000 3852.000000 3328.000000 2567.000000 2338.000000 17496.000000 0.000000
5505.000000 4692.000000 3944.000000 3321.000000 2768.000000 2344.000000 17598.000000 0.000000
5600.000000 4772.000000 3866.000000 3240.000000 2665.000000 2308.000000 17452.000000 0.000000
5763.000000 4831.000000 3922.000000 3187.000000 2722.000000 2248.000000 16902.000000 0.000000
5763.000000 4804.000000 3951.000000 3289.000000 2773.000000 2233.000000 16383.000000 0.000000
5715.000000 4827.000000 3898.000000 3204.000000 2721.000000 2270.000000 16293.000000 0.000000
5815.000000 4815.000000 3918.000000 3266.000000 2674.000000 2215.000000 16460.000000 0.000000
5735.000000 4856.000000 3902.000000 3223.000000 2823.000000 2236.000000 16460.000000 0.000000
5659.000000 4900.000000 3930.000000 3274.000000 2689.000000 2266.000000 16241.000000 0.000000
5583.000000 4846.000000 3807.000000 3283.000000 2708.000000 2232.000000 16458.000000 0.000000
5658.000000 4801.000000 3826.000000 3244.000000 2708.000000 2260.000000 16434.000000 0.000000
5690.000000 4818.000000 3961.000000 3397.000000 2738.000000 2306.000000 16555.000000 0.000000
5646.000000 4777.000000 3984.000000 3264.000000 2798.000000 2307.000000 16867.000000 0.000000
5588.000000 4583.000000 3933.000000 3228.000000 2779.000000 2324.000000 17199.000000 0.000000
5701.000000 4583.000000 4044.000000 3301.000000 2735.000000 2291.000000 17571.000000 0.000000
5539.000000 4769.000000 3935.000000 3303.000000 2793.000000 2258.000000 17731.000000 0.000000
5524.000000 4705.000000 3919.000000 3252.000000 2747.000000 2280.000000 17942.000000 0.000000
5521.000000 4816.000000 3770.000000 3262.000000 2787.000000 2352.000000 18234.000000 0.000000
5391.000000 4559.000000 3965.000000 3181.000000 2748.000000 2291.000000 18135.000000 0.000000
5511.000000 4787.000000 3909.000000 3185.000000 2722.000000 2439.000000 17736.000000 0.000000
5602.000000 4796.000000 3902.000000 3217.000000 2774.000000 2341.000000 17676.000000 0.000000
5508.000000 4805.000000 4017.000000 3229.000000 2726.000000 2215.000000 17623.000000 0.000000
5426.000000 4800.000000 3882.000000 3301.000000 2726.000000 2232.000000 17114.000000 0.000000
5671.000000 4759.000000 3886.000000 3272.000000 2834.000000 2174.000000 17102.000000 0.000000
5707.000000 4835.000000 3913.000000 3377.000000 2672.000000 2324.000000 16740.000000 0.000000
5711.000000 4725.000000 3924.000000 3295.000000 2713.000000 2309.000000 16716.000000 0.000000
5718.000000 4831.000000 3889.000000 3320.000000 2703.000000 2307.000000 16403.000000 0.000000
5660.000000 4771.000000 3947.000000 3281.000000 2775.000000 2338.000000 16280.000000 0.000000
5719.000000 4879.000000 3876.000000 3281.000000 2749.000000 2317.000000 16716.000000 0.000000
5822.000000 4760.000000 3973.000000 3160.000000 2687.000000 2321.000000 16865.000000 0.000000
5695.000000 4829.000000 3923.000000 3389.000000 2671.000000 2268.000000 16662.000000 0.000000
5699.000000 4662.000000 3843.000000 3233.000000 2744.000000 2258.000000 16989.000000 0.000000
5605.000000 4703.000000 4004.000000 3293.000000 2765.000000 2204.000000 17175.000000 0.000000
5658.000000 4672.000000 3956.000000 3329.000000 2695.000000 2378.000000 17391.000000 0.000000
5548.000000 4736.000000 3963.000000 3375.000000 2710.000000 2306.000000 17919.000000 0.000000
5607.000000 4691.000000 3918.000000 3193.000000 2791.000000 2358.000000 18189.000000 0.000000
5431.000000 4701.000000 3796.000000 3275.000000 2748.000000 2307.000000 18261.000000 0.000000
5500.000000 4548.000000 3924.000000 3217.000000 2722.000000 2338.000000 18362.000000 0.000000
5380.000000 4553.000000 3983.000000 3244.000000 2789.000000 2280.000000 18392.000000 0.000000
5278.000000 4699.000000 3878.000000 3276.000000 2825.000000 2310.000000 18185.000000 0.000000
5439.000000 4817.000000 3909.000000 3254.000000 2778.000000 2390.000000 18130.000000 0.000000
5504.000000 4718.000000 3876.000000 3254.000000 2765.000000 2214.000000 17927.000000 0.000000
5641.000000 4727.000000 3954.000000 3356.000000 2607.000000 2221.000000 17596.000000 0.000000
5795.000000 4758.000000 3877.000000 3162.000000 2703.000000 2274.000000 17388.000000 0.000000
5692.000000 4780.000000 3964.000000 3354.000000 2663.000000 2286.000000 17060.000000 0.000000
5808.000000 4796.000000 3842.000000 3207.000000 2743.000000 2319.000000 16849.000000 0.000000
5665.000000 4695.000000 4021.000000 3281.000000 2740.000000 2295.000000 16825.000000 0.000000
5605.000000 4787.000000 3951.000000 3299.000000 2688.000000 2264.000000 16590.000000 0.000000
5534.000000 4727.000000 3903.000000 3229.000000 2652.000000 2236.000000 17086.000000 0.000000
5640.000000 4904.000000 3987.000000 3304.000000 2742.000000 2368.000000 17197.000000 0.000000
5591.000000 4802.000000 4023.000000 3312.000000 2670.000000 2281.000000 17141.000000 0.000000
5710.000000 4674.000000 3951.000000 3319.000000 2738.000000 2347.000000 17316.000000 0.000000
5613.000000 4762.000000 4042.000000 3201.000000 2711.000000 2336.000000 17506.000000 0.000000
5601.000000 4760.000000 3987.000000 3282.000000 2699.000000 2341.000000 17879.000000 0.000000
5629.000000 4706.000000 3990.000000 3303.000000 2778.000000 2275.000000 17966.000000 0.000000
5356.000000 4651.000000 3813.000000 3354.000000 2742.000000 2365.000000 18543.000000 0.000000
5507.000000 4728.000000 3882.000000 3278.000000 2706.000000 2351.000000 18576.000000 0.000000
5496.000000 4578.000000 3922.000000 3246.000000 2716.000000 2285.000000 18768.000000 0.000000
5410.000000 4750.000000 3898.000000 3318.000000 2795.000000 2272.000000 18535.000000 0.000000
5395.000000 4571.000000 3890.000000 3293.000000 2669.000000 2393.000000 18809.000000 0.000000
5535.000000 4730.000000 3886.000000 3174.000000 2713.000000 2253.000000 18211.000000 0.000000
5622.000000 4634.000000 3869.000000 3276.000000 2732.000000 2253.000000 18154.000000 0.000000
5498.000000 4833.000000 3901.000000 3255.000000 2702.000000 2341.000000 17797.000000 0.000000
5546.000000 4770.000000 3968.000000 3303.000000 2754.000000 2258.000000 17359.000000 0.000000
5741.000000 4666.000000 4059.000000 3268.000000 2760.000000 2310.000000 17310.000000 0.000000
5563.000000 4839.000000 3907.000000 3350.000000 2727.000000 2298.000000 16912.000000 0.000000
5797.000000 4802.000000 4077.000000 3300.000000 2672.000000 2313.000000 16881.000000 0.000000
5782.000000 4827.000000 3966.000000 3307.000000 2720.000000 2247.000000 16755.000000 0.000000
5550.000000 4788.000000 3976.000000 3341.000000 2724.000000 2314.000000 17321.000000 0.000000
5507.000000 4802.000000 4017.000000 3392.000000 2798.000000 2286.000000 17104.000000 0.000000
5792.000000 4712.000000 3978.000000 3309.000000 2773.000000 2287.000000 17519.000000 0.000000
5659.000000 4847.000000 3907.000000 3339.000000 2764.000000 2326.000000 17653.000000 0.000000
5624.000000 4838.000000 3897.000000 3286.000000 2711.000000 2357.000000 17600.000000 0.000000
5495.000000 4757.000000 3816.000000 3330.000000 2701.000000 2311.000000 18130.000000 0.000000
5575.000000 4764.000000 3910.000000 3313.000000 2798.000000 2388.000000 18507.000000 0.000000
5405.000000 4602.000000 3780.000000 3163.000000 2713.000000 2172.000000 18734.000000 0.000000
5394.000000 4569.000000 3795.000000 3271.000000 2706.000000 2401.000000 18734.000000 0.000000
5444.000000 4509.000000 3882.000000 3244.000000 2708.000000 2241.000000 18891.000000 0.000000
5312.000000 4595.000000 3828.000000 3177.000000 2673.000000 2297.000000 18909.000000 0.000000
5414.000000 4606.000000 3829.000000 3263.000000 2650.000000 2295.000000 18609.000000 0.000000
5511.000000 4629.000000 3774.000000 3229.000000 2621.000000 2219.000000 18750.000000 0.000000
5453.000000 4567.000000 3845.000000 3199.000000 2637.000000 2316.000000 18187.000000 0.000000
5520.000000 4689.000000 3978.000000 3270.000000 2745.000000 2321.000000 17984.000000 0.000000
5469.000000 4802.000000 3987.000000 3211.000000 2684.000000 2311.000000 17742.000000 0.000000
5540.000000 4771.000000 3914.000000 3319.000000 2746.000000 2282.000000 17378.000000 0.000000
5530.000000 4763.000000 3937.000000 3237.000000 2684.000000 2370.000000 17400.000000 0.000000
5740.000000 4760.000000 3978.000000 3276.000000 2756.000000 2340.000000 17401.000000 0.000000
5679.000000 4778.000000 3965.000000 3253.000000 2737.000000 2362.000000 17139.000000 0.000000
5760.000000 4738.000000 3890.000000 3158.000000 2672.000000 2372.000000 17380.000000 0.000000
5708.000000 4747.000000 3957.000000 3199.000000 2707.000000 2340.000000 17734.000000 0.000000
5792.000000 4793.000000 4017.000000 3266.000000 2760.000000 2296.000000 17605.000000 0.000000
5556.000000 4654.000000 3921.000000 3351.000000 2774.000000 2312.000000 17649.000000 0.000000
5553.000000 4682.000000 3931.000000 3295.000000 2788.000000 2312.000000 17919.000000 0.000000
5534.000000 4579.000000 3945.000000 3327.000000 2701.000000 2347.000000 18524.000000 0.000000
5430.000000 4625.000000 3885.000000 3235.000000 2678.000000 2327.000000 18491.000000 0.000000
5373.000000 4587.000000 3804.000000 3303.000000 2792.000000 2287.000000 18914.000000 0.000000
5360.000000 4724.000000 3854.000000 3232.000000 2643.000000 2382.000000 19091.000000 0.000000
5379.000000 4613.000000 3774.000000 3221.000000 2787.000000 2293.000000 18986.000000 0.000000
5266.000000 4557.000000 3826.000000 3172.000000 2687.000000 2371.000000 19187.000000 0.000000
5369.000000 4608.000000 3824.000000 3191.000000 2765.000000 2333.000000 19059.000000 0.000000
5376.000000 4624.000000 3796.000000 3276.000000 2747.000000 2347.000000 18983.000000 0.000000
5384.000000 4688.000000 3789.000000 3317.000000 2717.000000 2280.000000 18544.000000 0.000000
5556.000000 4707.000000 3884.000000 3249.000000 2747.000000 2332.000000 18612.000000 0.000000
5497.000000 4723.000000 3920.000000 3224.000000 2727.000000 2298.000000 17987.000000 0.000000
5485.000000 4733.000000 3940.000000 3353.000000 2711.000000 2298.000000 17818.000000 0.000000
5713.000000 4716.000000 3866.000000 3347.000000 2805.000000 2378.000000 17834.000000 0.000000
5580.000000 4623.000000 4029.000000 3189.000000 2724.000000 2374.000000 17723.000000 0.000000
5594.000000 4694.000000 4021.000000 3450.000000 2678.000000 2318.000000 17415.000000 0.000000
5614.000000 4772.000000 3952.000000 3348.000000 2784.000000 2411.000000 17906.000000 0.000000
5629.000000 4806.000000 3981.000000 3373.000000 2690.000000 2238.000000 18005.000000 0.000000
5547.000000 4717.000000 3964.000000 3238.000000 2738.000000 2317.000000 17565.000000 0.000000
5595.000000 4797.000000 3988.000000 3270.000000 2793.000000 2342.000000 17920.000000 0.000000
5453.000000 4711.000000 3854.000000 3306.000000 2657.000000 2322.000000 18147.000000 0.000000
5556.000000 4732.000000 3880.000000 3221.000000 2780.000000 2299.000000 18645.000000 0.000000
5415.000000 4614.000000 3887.000000 3162.000000 2694.000000 2228.000000 18771.000000 0.000000
5211.000000 4619.000000 3960.000000 3248.000000 2720.000000 2271.000000 19296.000000 0.000000
5227.000000 4727.000000 3818.000000 3292.000000 2682.000000 2338.000000 19130.000000 0.000000
5340.000000 4491.000000 3730.000000 3228.000000 2707.000000 2260.000000 19449.000000 0.000000
5381.000000 4513.000000 3834.000000 3141.000000 2657.000000 2299.000000 19630.000000 0.000000
5361.000000 4668.000000 3761.000000 3090.000000 2774.000000 2281.000000 19148.000000 0.000000
5316.000000 4607.000000 3880.000000 3247.000000 2657.000000 2320.000000 18944.000000 0.000000
5361.000000 4725.000000 3834.000000 3213.000000 2720.000000 2315.000000 18645.000000 0.000000
5364.000000 4638.000000 3862.000000 3257.000000 2905.000000 2392.000000 18404.000000 0.000000
5506.000000 4603.000000 4008.000000 3236.000000 2802.000000 2318.000000 18152.000000 0.000000
5545.000000 4694.000000 3932.000000 3319.000000 2802.000000 2354.000000 17745.000000 0.000000
5537.000000 4658.000000 3900.000000 3352.000000 2679.000000 2354.000000 17991.000000 0.000000
5528.000000 4727.000000 4009.000000 3362.000000 2742.000000 2311.000000 17843.000000 0.000000
5720.000000 4746.000000 3988.000000 3386.000000 2776.000000 2321.000000 17788.000000 0.000000
5559.000000 4711.000000 3937.000000 3270.000000 2736.000000 2348.000000 18016.000000 0.000000
5564.000000 4667.000000 3874.000000 3255.000000 2797.000000 2301.000000 18145.000000 0.000000
5614.000000 4641.000000 3845.000000 3263.000000 2752.000000 2379.000000 18146.000000 0.000000
5598.000000 4683.000000 3878.000000 3211.000000 2814.000000 2457.000000 18147.000000 0.000000
5530.000000 4578.000000 3907.000000 3303.000000 2850.000000 2350.000000 18449.000000 0.000000
5479.000000 4537.000000 3894.000000 3261.000000 2666.000000 2321.000000 18716.000000 0.000000
5363.000000 4598.000000 3892.000000 3200.000000 2767.000000 2300.000000 18962.000000 0.000000
5336.000000 4554.000000 3775.000000 3190.000000 2751.000000 2286.000000 19247.000000 0.000000
5244.000000 4529.000000 3793.000000 3238.000000 2811.000000 2253.000000 19313.000000 0.000000
5229.000000 4528.000000 3710.000000 3157.000000 2736.000000 2300.000000 19869.000000 0.000000
5134.000000 4443.000000 3827.000000 3180.000000 2651.000000 2284.000000 19367.000000 0.000000
5346.000000 4431.000000 3759.000000 3114.000000 2697.000000 2296.000000 19554.000000 0.000000
5411.000000 4622.000000 3925.000000 3153.000000 2752.000000 2303.000000 19093.000000 0.000000
5272.000000 4627.000000 3836.000000 3219.000000 2747.000000 2262.000000 18977.000000 0.000000
5523.000000 4584.000000 3898.000000 3304.000000 2782.000000 2281.000000 18767.000000 0.000000
5456.000000 4652.000000 3945.000000 3267.000000 2744.000000 2341.000000 18504.000000 0.000000
5485.000000 4718.000000 4020.000000 3307.000000 2721.000000 2336.000000 18214.000000 0.000000
5421.000000 4710.000000 3961.000000 3266.000000 2687.000000 2396.000000 18208.000000 0.000000
5603.000000 4649.000000 3861.000000 3250.000000 2695.000000 2403.000000 18208.000000 0.000000
5423.000000 4675.000000 3889.000000 3292.000000 2700.000000 2336.000000 18041.000000 0.000000
5568.000000 4650.000000 3881.000000 3215.000000 2738.000000 2381.000000 18235.000000 0.000000
5430.000000 4678.000000 3859.000000 3302.000000 2827.000000 2344.000000 18138.000000 0.000000
5537.000000 4716.000000 4064.000000 3242.000000 2876.000000 2252.000000 18368.000000 0.000000
5451.000000 4678.000000 3907.000000 3255.000000 2757.000000 2382.000000 18241.000000 0.000000
5535.000000 4626.000000 3858.000000 3311.000000 2756.000000 2377.000000 18560.000000 0.000000
5377.000000 4649.000000 3852.000000 3251.000000 2667.000000 2311.000000 18855.000000 0.000000
5389.000000 4558.000000 3879.000000 3229.000000 2680.000000 2337.000000 18926.000000 0.000000
5266.000000 4585.000000 3841.000000 3168.000000 2633.000000 2343.000000 19178.000000 0.000000
5348.000000 4588.000000 3730.000000 3159.000000 2709.000000 2214.000000 19614.000000 0.000000
5210.000000 4217.000000 3848.000000 3119.000000 2714.000000 2236.000000 19937.000000 0.000000
5213.000000 4575.000000 3846.000000 3177.000000 2650.000000 2309.000000 19718.000000 0.000000
5193.000000 4392.000000 3764.000000 3156.000000 2643.000000 2288.000000 19630.000000 0.000000
5295.000000 4569.000000 3809.000000 3173.000000 2764.000000 2313.000000 19255.000000 0.000000
5333.000000 4648.000000 3746.000000 3205.000000 2713.000000 2325.000000 19109.000000 0.000000
5411.000000 4597.000000 3803.000000 3168.000000 2611.000000 2372.000000 18692.000000 0.000000
5558.000000 4695.000000 3836.000000 3245.000000 2721.000000 2312.000000 18632.000000 0.000000
5514.000000 4623.000000 3921.000000 3259.000000 2734.000000 2311.000000 18641.000000 0.000000
5524.000000 4727.000000 3973.000000 3345.000000 2671.000000 2309.000000 18348.000000 0.000000
5483.000000 4647.000000 4005.000000 3171.000000 2796.000000 2413.000000 18301.000000 0.000000
5493.000000 4626.000000 3894.000000 3269.000000 2736.000000 2326.000000 18178.000000 0.000000
5446.000000 4587.000000 4004.000000 3313.000000 2792.000000 2458.000000 18295.000000 0.000000
5492.000000 4609.000000 3831.000000 3311.000000 2721.000000 2255.000000 18689.000000 0.000000
5446.000000 4597.000000 3869.000000 3176.000000 2732.000000 2275.000000 18667.000000 0.000000
5473.000000 4710.000000 3911.000000 3227.000000 2685.000000 2356.000000 18614.000000 0.000000
5426.000000 4738.000000 3863.000000 3178.000000 2731.000000 2303.000000 18778.000000 0.000000
5383.000000 4519.000000 3746.000000 3130.000000 2734.000000 2292.000000 19272.000000 0.000000
5240.000000 4584.000000 3783.000000 3236.000000 2707.000000 2351.000000 19030.000000 0.000000
5249.000000 4481.000000 3795.000000 3187.000000 2738.000000 2280.000000 19778.000000 0.000000
5082.000000 4308.000000 3749.000000 3081.000000 2604.000000 2204.000000 19651.000000 0.000000
5182.000000 4456.000000 3749.000000 3135.000000 2723.000000 2264.000000 20147.000000 0.000000
5259.000000 4483.000000 3635.000000 3139.000000 2542.000000 2153.000000 19840.000000 0.000000
5289.000000 4459.000000 3755.000000 3186.000000 2662.000000 2254.000000 19592.000000 0.000000
5230.000000 4507.000000 3769.000000 3137.000000 2631.000000 2363.000000 19610.000000 0.000000
5406.000000 4461.000000 3691.000000 3247.000000 2778.000000 2383.000000 19202.000000 0.000000
5365.000000 4586.000000 3819.000000 3245.000000 2718.000000 2398.000000 18913.000000 0.000000
5567.000000 4579.000000 3925.000000 3359.000000 2816.000000 2301.000000 18882.000000 0.000000
5306.000000 4739.000000 3990.000000 3244.000000 2830.000000 2243.000000 18650.000000 0.000000
5369.000000 4705.000000 3800.000000 3391.000000 2709.000000 2353.000000 18702.000000 0.000000
5499.000000 4721.000000 3872.000000 3260.000000 2797.000000 2275.000000 18345.000000 0.000000
5449.000000 4604.000000 3905.000000 3218.000000 2844.000000 2325.000000 18502.000000 0.000000
5539.000000 4705.000000 3902.000000 3239.000000 2816.000000 2308.000000 18686.000000 0.000000
5472.000000 4723.000000 3876.000000 3284.000000 2757.000000 2300.000000 18652.000000 0.000000
5516.000000 4533.000000 3939.000000 3247.000000 2808.000000 2256.000000 18619.000000 0.000000
5420.000000 4671.000000 3802.000000 3337.000000 2746.000000 2398.000000 18828.000000 0.000000
5363.000000 4543.000000 3889.000000 3261.000000 2698.000000 2273.000000 18873.000000 0.000000
5437.000000 4577.000000 3870.000000 3250.000000 2824.000000 2300.000000 19160.000000 0.000000
5282.000000 4491.000000 3723.000000 3225.000000 2655.000000 2332.000000 19410.000000 0.000000
5140.000000 4400.000000 3742.000000 3186.000000 2650.000000 2332.000000 19824.000000 0.000000
5178.000000 4371.000000 3686.000000 3175.000000 2755.000000 2243.000000 19990.000000 0.000000
5192.000000 4409.000000 3644.000000 3153.000000 2525.000000 2345.000000 19976.000000 0.000000
4991.000000 4324.000000 3736.000000 3051.000000 2672.000000 2282.000000 20319.000000 0.000000
5144.000000 4528.000000 3768.000000 3228.000000 2692.000000 2240.000000 19908.000000 0.000000
5191.000000 4483.000000 3781.000000 3165.000000 2723.000000 2376.000000 19723.000000 0.000000
5281.000000 4529.000000 3813.000000 3130.000000 2724.000000 2271.000000 19388.000000 0.000000
5223.000000 4592.000000 3881.000000 3214.000000 2798.000000 2381.000000 19168.000000 0.000000
5411.000000 4596.000000 4042.000000 3259.000000 2643.000000 2355.000000 18986.000000 0.000000
5394.000000 4747.000000 3891.000000 3093.000000 2793.000000 2285.000000 18803.000000 0.000000
5482.000000 4694.000000 3796.000000 3322.000000 2778.000000 2371.000000 18796.000000 0.000000
5517.000000 4576.000000 3971.000000 3286.000000 2689.000000 2323.000000 18778.000000 0.000000
5451.000000 4599.000000 3924.000000 3264.000000 2759.000000 2272.000000 18679.000000 0.000000
5506.000000 4585.000000 3857.000000 3332.000000 2708.000000 2321.000000 19088.000000 0.000000
5297.000000 4676.000000 3843.000000 3287.000000 2782.000000 2313.000000 18785.000000 0.000000
5354.000000 4582.000000 3793.000000 3223.000000 2742.000000 2314.000000 18826.000000 0.000000
5448.000000 4496.000000 3822.000000 3268.000000 2711.000000 2351.000000 18742.000000 0.000000
5369.000000 4583.000000 3831.000000 3285.000000 2688.000000 2364.000000 19111.000000 0.000000
5330.000000 4618.000000 3760.000000 3187.000000 2644.000000 2279.000000 19190.000000 0.000000
5198.000000 4585.000000 3826.000000 3240.000000 2652.000000 2266.000000 19324.000000 0.000000
5296.000000 4507.000000 3813.000000 3114.000000 2737.000000 2306.000000 19723.000000 0.000000
5014.000000 4399.000000 3709.000000 3172.000000 2629.000000 2300.000000 20207.000000 0.000000
5156.000000 4417.000000 3770.000000 3226.000000 2491.000000 2254.000000 20132.000000 0.000000
4976.000000 4523.000000 3760.000000 3169.000000 2653.000000 2208.000000 19976.000000 0.000000
5283.000000 4487.000000 3678.000000 3194.000000 2511.000000 2222.000000 20006.000000 0.000000
5148.000000 4472.000000 3767.000000 3092.000000 2705.000000 2335.000000 19887.000000 0.000000
5217.000000 4598.000000 3864.000000 3167.000000 2694.000000 2245.000000 19457.000000 0.000000
5395.000000 4540.000000 3845.000000 3257.000000 2580.000000 2318.000000 19339.000000 0.000000
5399.000000 4552.000000 3877.000000 3127.000000 2799.000000 2293.000000 19323.000000 0.000000
5360.000000 4592.000000 3827.000000 3347.000000 2701.000000 2359.000000 19069.000000 0.000000
5526.000000 4636.000000 3851.000000 3304.000000 2750.000000 2269.000000 19069.000000 0.000000
5423.000000 4586.000000 3948.000000 3198.000000 2714.000000 2204.000000 18824.000000 0.000000
5337.000000 4682.000000 3802.000000 3304.000000 2698.000000 2338.000000 18745.000000 0.000000
5425.000000 4554.000000 3853.000000 3312.000000 2748.000000 2318.000000 18914.000000 0.000000
5436.000000 4681.000000 3892.000000 3301.000000 2762.000000 2332.000000 18905.000000 0.000000
5216.000000 4563.000000 3845.000000 3325.000000 2776.000000 2322.000000 19186.000000 0.000000
5384.000000 4546.000000 3920.000000 3183.000000 2815.000000 2222.000000 19106.000000 0.000000
5322.000000 4601.000000 3813.000000 3321.000000 2701.000000 2359.000000 19407.000000 0.000000
5125.000000 4476.000000 3770.000000 3048.000000 2754.000000 2216.000000 19407.000000 0.000000
5278.000000 4571.000000 3716.000000 3228.000000 2749.000000 2260.000000 19730.000000 0.000000
5064.000000 4400.000000 3750.000000 3153.000000 2737.000000 2305.000000 19801.000000 0.000000
4955.000000 4411.000000 3707.000000 3156.000000 2601.000000 2162.000000 20078.000000 0.000000
5116.000000 4358.000000 3649.000000 3139.000000 2606.000000 2216.000000 20285.000000 0.000000
5001.000000 4331.000000 3746.000000 3083.000000 2612.000000 2295.000000 20480.000000 0.000000
5084.000000 4366.000000 3594.000000 3083.000000 2690.000000 2280.000000 20162.000000 0.000000
5049.000000 4319.000000 3718.000000 3109.000000 2741.000000 2255.000000 19837.000000 0.000000
5293.000000 4559.000000 3725.000000 3210.000000 2759.000000 2178.000000 19670.000000 0.000000
5309.000000 4474.000000 3959.000000 3200.000000 2742.000000 2322.000000 19593.000000 0.000000
5375.000000 4540.000000 3890.000000 3194.000000 2825.000000 2355.000000 19100.000000 0.000000
5381.000000 4448.000000 3869.000000 3224.000000 2662.000000 2414.000000 19223.000000 0.000000
5377.000000 4562.000000 4079.000000 3135.000000 2650.000000 2448.000000 19054.000000 0.000000
5461.000000 4688.000000 3949.000000 3295.000000 2713.000000 2368.000000 19084.000000 0.000000
5429.000000 4648.000000 3889.000000 3265.000000 2784.000000 2393.000000 18916.000000 0.000000
5278.000000 4488.000000 3748.000000 3265.000000 2785.000000 2290.000000 19135.000000 0.000000
5363.000000 4601.000000 3894.000000 3234.000000 2721.000000 2381.000000 19283.000000 0.000000
5491.000000 4579.000000 3931.000000 3216.000000 2692.000000 2357.000000 19163.000000 0.000000
5198.000000 4563.000000 3723.000000 3250.000000 2694.000000 2343.000000 19157.000000 0.000000
5350.000000 4605.000000 3836.000000 3162.000000 2743.000000 2241.000000 19201.000000 0.000000
5085.000000 4590.000000 3812.000000 3149.000000 2704.000000 2278.000000 19713.000000 0.000000
5228.000000 4407.000000 3711.000000 3325.000000 2635.000000 2312.000000 19872.000000 0.000000
5042.000000 4430.000000 3717.000000 3156.000000 2632.000000 2268.000000 19904.000000 0.000000
5192.000000 4417.000000 3572.000000 3203.000000 2615.000000 2252.000000 20155.000000 0.000000
5123.000000 4341.000000 3701.000000 3086.000000 2625.000000 2210.000000 20419.000000 0.000000
4900.000000 4410.000000 3608.000000 3105.000000 2591.000000 2226.000000 20557.000000 0.000000
5003.000000 4430.000000 3742.000000 3086.000000 2636.000000 2221.000000 20294.000000 0.000000
5223.000000 4374.000000 3752.000000 3220.000000 2621.000000 2243.000000 19929.000000 0.000000
5328.000000 4446.000000 3714.000000 3193.000000 2718.000000 2249.000000 20167.000000 0.000000
5254.000000 4423.000000 3715.000000 3232.000000 2680.000000 2409.000000 19502.000000 0.000000
5399.000000 4652.000000 3783.000000 3262.000000 2680.000000 2314.000000 19362.000000 0.000000
5376.000000 4645.000000 3757.000000 3202.000000 2689.000000 2363.000000 19250.000000 0.000000
5189.000000 4640.000000 3763.000000 3298.000000 2774.000000 2368.000000 19176.000000 0.000000
5310.000000 4445.000000 3957.000000 3216.000000 2753.000000 2304.000000 19096.000000 0.000000
5361.000000 4562.000000 3817.000000 3277.000000 2713.000000 2327.000000 19163.000000 0.000000
5299.000000 4525.000000 3846.000000 3189.000000 2693.000000 2378.000000 19507.000000 0.000000
5416.000000 4532.000000 3892.000000 3183.000000 2775.000000 2417.000000 19289.000000 0.000000
5314.000000 4521.000000 3826.000000 3260.000000 2786.000000 2257.000000 19287.000000 0.000000
5266.000000 4457.000000 3724.000000 3262.000000 2658.000000 2321.000000 19404.000000 0.000000
5255.000000 4457.000000 3701.000000 3295.000000 2750.000000 2295.000000 19486.000000 0.000000
5016.000000 4501.000000 3802.000000 3246.000000 2765.000000 2298.000000 19815.000000 0.000000
5159.000000 4326.000000 3692.000000 3113.000000 2695.000000 2203.000000 19842.000000 0.000000
5168.000000 4486.000000 3824.000000 3053.000000 2718.000000 2206.000000 20000.000000 0.000000
5035.000000 4282.000000 3621.000000 3092.000000 2735.000000 2228.000000 20375.000000 0.000000
5071.000000 4348.000000 3625.000000 3134.000000 2586.000000 2254.000000 20492.000000 0.000000
4926.000000 4395.000000 3674.000000 3068.000000 2679.000000 2258.000000 20484.000000 0.000000
5053.000000 4410.000000 3666.000000 3077.000000 2569.000000 2208.000000 20184.000000 0.000000
5053.000000 4460.000000 3620.000000 3133.000000 2692.000000 2187.000000 20098.000000 0.000000
5103.000000 4338.000000 3786.000000 3206.000000 2646.000000 2256.000000 19943.000000 0.000000
5236.000000 4580.000000 3711.000000 3224.000000 2631.000000 2339.000000 19401.000000 0.000000
5236.000000 4479.000000 3850.000000 3132.000000 2723.000000 2358.000000 19422.000000 0.000000
5157.000000 4548.000000 3801.000000 3325.000000 2729.000000 2324.000000 19291.000000 0.000000
5234.000000 4425.000000 3846.000000 3139.000000 2646.000000 2214.000000 19249.000000 0.000000
5306.000000 4637.000000 3904.000000 3257.000000 2687.000000 2361.000000 19385.000000 0.000000
5269.000000 4507.000000 3916.000000 3202.000000 2728.000000 2297.000000 19091.000000 0.000000
5126.000000 4542.000000 3889.000000 3173.000000 2838.000000 2377.000000 19421.000000 0.000000
5243.000000 4573.000000 3777.000000 3226.000000 2749.000000 2243.000000 19380.000000 0.000000
5267.000000 4420.000000 3665.000000 3276.000000 2825.000000 2340.000000 19704.000000 0.000000
5281.000000 4574.000000 3757.000000 3167.000000 2696.000000 2318.000000 19578.000000 0.000000
5334.000000 4395.000000 3776.000000 3222.000000 2653.000000 2275.000000 19729.000000 0.000000
5109.000000 4552.000000 3842.000000 3002.000000 2591.000000 2329.000000 19841.000000 0.000000
5110.000000 4394.000000 3807.000000 3144.000000 2733.000000 2358.000000 19691.000000 0.000000
5093.000000 4326.000000 3708.000000 3185.000000 2640.000000 2226.000000 20190.000000 0.000000
4916.000000 4249.000000 3672.000000 3113.000000 2614.000000 2224.000000 20523.000000 0.000000
4901.000000 4293.000000 3607.000000 2977.000000 2582.000000 2313.000000 20877.000000 0.000000
5115.000000 4315.000000 3621.000000 3037.000000 2510.000000 2225.000000 20795.000000 0.000000
5079.000000 4326.000000 3759.000000 3117.000000 2740.000000 2308.000000 20573.000000 0.000000
5064.000000 4225.000000 3666.000000 3134.000000 2687.000000 2184.000000 19859.000000 0.000000
5138.000000 4479.000000 3699.000000 3190.000000 2655.000000 2226.000000 20148.000000 0.000000
5347.000000 4389.000000 3774.000000 3173.000000 2584.000000 2245.000000 20033.000000 0.000000
5237.000000 4429.000000 3885.000000 3255.000000 2683.000000 2267.000000 19742.000000 0.000000
5252.000000 4458.000000 3848.000000 3190.000000 2757.000000 2267.000000 19452.000000 0.000000
5165.000000 4552.000000 3812.000000 3261.000000 2635.000000 2347.000000 19655.000000 0.000000
5276.000000 4539.000000 3823.000000 3231.000000 2742.000000 2301.000000 19518.000000 0.000000
5174.000000 4640.000000 3820.000000 3242.000000 2723.000000 2300.000000 19763.000000 0.000000
5311.000000 4585.000000 3872.000000 3186.000000 2805.000000 2274.000000 19460.000000 0.000000
5325.000000 4478.000000 3919.000000 3225.000000 2755.000000 2379.000000 19592.000000 0.000000
5165.000000 4467.000000 3762.000000 3255.000000 2754.000000 2335.000000 19564.000000 0.000000
5235.000000 4656.000000 3719.000000 3211.000000 2707.000000 2264.000000 19767.000000 0.000000
5154.000000 4454.000000 3767.000000 3299.000000 2696.000000 2273.000000 20042.000000 0.000000
5292.000000 4306.000000 3729.000000 3212.000000 2675.000000 2215.000000 19730.000000 0.000000
5219.000000 4438.000000 3701.000000 3165.000000 2642.000000 2254.000000 20283.000000 0.000000
5116.000000 4348.000000 3661.000000 3046.000000 2587.000000 2239.000000 20279.000000 0.000000
4959.000000 4367.000000 3596.000000 3103.000000 2524.000000 2227.000000 20372.000000 0.000000
4925.000000 4263.000000 3605.000000 3053.000000 2568.000000 2232.000000 20624.000000 0.000000
4841.000000 4328.000000 3647.000000 3049.000000 2574.000000 2203.000000 20538.000000 0.000000
5114.000000 4263.000000 3487.000000 3076.000000 2566.000000 2239.000000 20576.000000 0.000000
5042.000000 4391.000000 3699.000000 3124.000000 2588.000000 2231.000000 20256.000000 0.000000
5034.000000 4432.000000 3663.000000 3050.000000 2631.000000 2307.000000 20025.000000 0.000000
5081.000000 4528.000000 3771.000000 3229.000000 2740.000000 2306.000000 19693.000000 0.000000
5159.000000 4355.000000 3733.000000 3166.000000 2797.000000 2321.000000 20020.000000 0.000000
5333.000000 4338.000000 3762.000000 3137.000000 2675.000000 2309.000000 19709.000000 0.000000
5359.000000 4615.000000 3815.000000 3227.000000 2736.000000 2183.000000 19637.000000 0.000000
5343.000000 4552.000000 3832.000000 3195.000000 2708.000000 2258.000000 19478.000000 0.000000
5207.000000 4528.000000 3687.000000 3125.000000 2630.000000 2333.000000 19392.000000 0.000000
