0.087114 0.151816 0.140554 0.114794 0.157532 0.092152 0.053864 0.032662 0.020024 0.012398 0.021642
0.087678 0.152814 0.140376 0.113824 0.158786 0.091038 0.053758 0.032758 0.01999 0.012302 0.021212
0.08752 0.152688 0.140954 0.114814 0.156984 0.091338 0.0542 0.032534 0.019922 0.01226 0.021534
0.087176 0.151662 0.140688 0.115058 0.15709 0.092602 0.053722 0.032672 0.020066 0.01253 0.021486
0.08702701186872462 0.15144813680078728 0.1412148814630027 0.11506877427341564 0.15843037675665225 0.09171806138138443 0.054111953623962726 0.032288384634747126 0.02013834631878945 0.012416220995091067 0.021412624034512412
0.08633917301198696 0.15063811563492374 0.1403315929457926 0.11490202426100783 0.15869146595487446 0.09231770322581012 0.055024895762804324 0.03264883091754834 0.02013102616469365 0.012377209607560908 0.021811116979316987
0.08729148251121521 0.15114883276667035 0.14032983823792414 0.11445201360276042 0.15776599172097427 0.09251941977996506 0.05451625454646613 0.03272861173060578 0.019981054115920154 0.012446103651804423 0.021356064276196
0.08709473635905504 0.15171317657517866 0.14146699936708385 0.11512819522279392 0.15814804222480128 0.09189219524258356 0.05420862124102063 0.032389279544069324 0.019923732690448098 0.012382517698972492 0.02150865704908652
0.08664950994753635 0.15116793277873425 0.1407963598817364 0.11461339695802385 0.15834908230978612 0.0927759062818713 0.054120863452669414 0.03253543467751603 0.020411373769395814 0.012349567712204192 0.021828987123081962
0.08553831121742489 0.1483531251075295 0.139802749335048 0.1135168474744899 0.1601749653112913 0.09249184272414897 0.055626110891386346 0.03301645557328635 0.020613069343584308 0.013067740891879384 0.02254159043084859
0.08525780659831653 0.14839554878706107 0.1394371388145343 0.1151863079407081 0.15947088898631576 0.0936257003564514 0.054695765591580986 0.0331354524397998 0.020605773213804888 0.012974118945461986 0.022723166515037183
0.08718289420646126 0.150677134143009 0.14073355698402504 0.11492865993220856 0.15849125215672086 0.09223724896289033 0.05425858196601425 0.032519651428219956 0.02034354223299732 0.01242624061217325 0.021782877878041836
0.08589281545338863 0.1479359126855124 0.14007984811838867 0.11491903878994651 0.15861343409443043 0.09335746014824174 0.055195338766085296 0.03331243377197504 0.020451277065719236 0.01287245577547355 0.022445777475552008
0.08336015428723098 0.14582672006557323 0.1377970050386398 0.11349812032387879 0.16020365935938374 0.09444399742181919 0.05612842668283087 0.03455475769511903 0.021045466207868447 0.013449757385337616 0.02355139156102779
0.08367981164899986 0.1457852057526238 0.13796270458235202 0.11405669434859744 0.15919136446356266 0.09566568060341812 0.05640584700161569 0.03409876166890046 0.021403129783789145 0.01324326585509298 0.02355019189581595
0.08563288105100474 0.14830944032028134 0.13978902257212167 0.11464530257211192 0.15871270759534797 0.0933626990179856 0.054990217382222734 0.03332772613080575 0.020598437365049488 0.012778746701412881 0.022433450120683138