0.08287792959163205 0.1446989134866544 0.13656395212500058 0.11285108576606799 0.16068689740775594 0.09578890760690079 0.05758573799901679 0.035010607409942204 0.02154324448626859 0.01344240304682574 0.023957561357802897
0.08261196313632531 0.144687846247391 0.13769333050571153 0.11362171718721473 0.1599253210442615 0.09588557135253946 0.05734850874564822 0.034935499839470155 0.02130268075973547 0.013267244403871057 0.023867046870830574
0.08358760034269813 0.14581479687039403 0.13827971426808086 0.1137887029331085 0.15901776522551794 0.09462979776348585 0.05660875404438096 0.03477196793742286 0.021454355958677243 0.01330442029538104 0.023835898558901093
0.08402374678324556 0.1464240193513354 0.13826379191460228 0.1142674901177399 0.15938172455132207 0.09487629978292833 0.05587232564882073 0.03425831636429901 0.02086191977366276 0.013180145822694639 0.02346062801313176
0.0847779547897193 0.14707290304332574 0.13941918433421968 0.1139808657648109 0.15965128498570846 0.09410708932519112 0.05569918725788445 0.03411900951815898 0.020650064786399906 0.012949643535343265 0.02293213536476476
0.08508886876618717 0.14805278749409448 0.13917407781599284 0.11404939714232695 0.15973457365059246 0.09333917571453187 0.05586245140907933 0.033646410428416505 0.02038545396034419 0.012866100761242347 0.0226390866926064
0.08611454689597665 0.1482954707406485 0.13888286609671002 0.11455800846382264 0.15932822541287722 0.09290057693896331 0.05545222612239064 0.03351098428698232 0.020556772452454533 0.012846936022876865 0.02261034669324299
0.08483231837632617 0.14868285542128443 0.14003998489407352 0.11383638326176188 0.15946862118656274 0.09357433582791459 0.05492834931400844 0.03354519385906481 0.020671839852026364 0.012696476374597143 0.02248759017746746
0.08496450849562247 0.14941711132997187 0.13972066139202957 0.11411817428796557 0.15907897970647383 0.09296842943307236 0.05547237554701169 0.03328300862401084 0.020348754041434155 0.012982105510958523 0.022629007522350135
0.08493246530389116 0.14857270422605737 0.13945195404001462 0.1140341660952949 0.15843480884159272 0.09386248843462434 0.05568254547245155 0.033986668863096925 0.02060653810779529 0.012846761788617888 0.022542054813661803
0.08410501530584681 0.146987553327467 0.1390588655763518 0.11389358111874552 0.15966174714260353 0.09420639682539364 0.05649905890337928 0.033906447454006144 0.02076623154059318 0.01283267596637676 0.022956744623804672
0.08427479824643179 0.1457436318773367 0.13847429004765555 0.11397251932203674 0.1598473125678935 0.09428772686788721 0.056627991094249625 0.03429180120420681 0.021259203532637265 0.01316730893923861 0.02349044269104366
0.08314616059385023 0.14539243538210375 0.13790616474659753 0.11366230322526909 0.16000207274686865 0.09497487473712897 0.0565961099625414 0.03466239992223245 0.021272562474646484 0.013321499094712124 0.023524193052295198
0.08335851770728481 0.144856426741614 0.13710779740873003 0.11384926577393743 0.15911672751561726 0.09550511849320033 0.05708098813306432 0.03480404249957693 0.021538297146894453 0.013643088859787385 0.023873992112265797
0.08254773793125972 0.14469849766347792 0.13680026598451386 0.1133526829917329 0.16017125091831547 0.09595385052498322 0.057448646652496174 0.03497419682160856 0.02156244580787264 0.013338288009948103 0.024098310545753933
0.08083714532714095 0.14061078422499915 0.13389685632111684 0.11266799712299679 0.1610135541017353 0.09773601276291384 0.059306312664450654 0.03636203679821209 0.022454825951375997 0.014077631887569067 0.02526986645092605
0.08042529932468595 0.1407890053547865 0.13472694293571638 0.1128876031365949 0.16169440354844708 0.09771548434125302 0.05882553581761325 0.03626424482068783 0.02232835507681435 0.014229935510620458 0.02551254511359124
0.08159462899522321 0.14172958962785262 0.1345674118632809 0.11335020222699807 0.1616185391654508 0.09639676655167063 0.05869136538237095 0.03565077960628759 0.0221519903710849 0.013922106716003031 0.025025491663346354
0.08223583943677845 0.14320645700760823 0.13557048051918827 0.11386526072039911 0.16041286459724627 0.09613476128376668 0.05798377458328707 0.035354918173276115 0.021954088572446028 0.01375171211852024 0.024368464726691616
0.0818486290242016 0.14304301199881184 0.13714209696958346 0.11329338017700485 0.16051045427142543 0.09595369518402715 0.05772520043890166 0.035256469349570566 0.021916302494948844 0.01364434734874987 0.02435195162465701
0.08322090408809112 0.14479149173963893 0.13741108631729976 0.11340323016265551 0.16048437973911808 0.09545745979463381 0.05710386119234582 0.03463046619600832 0.02136165791193752 0.013297605488759969 0.023784668721385186
0.08358635939830784 0.14590351296812698 0.1374763585590302 0.11380598241425759 0.1598271018574358 0.09528961041018655 0.056680915191884486 0.0341892780689642 0.02131623206960178 0.013255840674909114 0.02334237712687658
0.08336621706568687 0.14583520154122145 0.1382295533621985 0.11449007702528344 0.15960473129073044 0.09520389739171944 0.056548469878240686 0.03386576003780628 0.021015149948688035 0.013284534423283118 0.02332724022239801
0.08312288368039096 0.14574463441854638 0.1374792956500028 0.11416081286225316 0.16027928713966294 0.09535972276919048 0.05634513826436639 0.034265089731686085 0.021432082853524766 0.013074398382811095 0.023390400875037347
0.08285064177433808 0.144791447990442 0.13762941810982807 0.11366969262043403 0.1601135229374135 0.09520007705704629 0.05721252384468518 0.03460381257741935 0.02148305803462504 0.01341554325015106 0.023774534279379932
0.08256909241608215 0.14391049220348023 0.1369397186807746 0.1137102704424624 0.16039912970752118 0.0956497398230002 0.057326964703213544 0.03480244388879656 0.02157207934331026 0.013590380113250505 0.0240321348881522
0.08180443173616987 0.14278356955852334 0.13638533890369273 0.11379658684631436 0.15996308058688 0.09686011714862898 0.05844386711694738 0.03527419535260773 0.021799038940890893 0.01382467742916498 0.024537582533713152
0.08089548888450371 0.1414203639414728 0.13486979932140764 0.11320986233559382 0.16090064530748646 0.09721653419044517 0.05894760280183398 0.03553672946511663 0.022250290262223207 0.014170490413120853 0.024873348257787174
0.08072222468794814 0.1406402712340373 0.13522050470444155 0.11289693084807571 0.1606897529060597 0.09691206361836774 0.05892785496278896 0.03589671861259653 0.02260058976250193 0.01433138250545706 0.025481312046639847
0.08043111127437187 0.14059932105633816 0.13459373676313746 0.11257892118030928 0.16048319870275446 0.09772421657151763 0.0592065211840788 0.036263071384998194 0.022285049558903165 0.014142785329219466 0.02537752936721404
0.07909696011660104 0.13664917841045363 0.1330653998828697 0.1120662012628972 0.1618621178972326 0.09897605722640986 0.06012253114792037 0.03755030422799086 0.023336854901169542 0.0150013144454487 0.026999542113223987
0.07893836719294291 0.13695418870300527 0.1327500282323544 0.11193552427003484 0.1617114197445999 0.09958481657553019 0.06066582391021901 0.03707760702057382 0.023299752704513677 0.014944302045050291 0.02673499274407953
0.07938202414173971 0.1381195948670344 0.13316084709722228 0.11221704387138004 0.1616310027747137 0.09849987696147881 0.06004787739108248 0.036990877438119005 0.02309677683891937 0.014760748894711465 0.026536848612634997
0.07952648532179052 0.13900404948555528 0.13410702549579967 0.11225267523728838 0.16146385505967334 0.09827285612053462 0.05964475098872436 0.0365816303904197 0.023214275297032457 0.014330252896961382 0.025911599275004162
0.08085503239675018 0.14031624816178634 0.13514108717793955 0.11338338498652203 0.16077486059025314 0.09724204563249507 0.058697734408950035 0.03619574348842929 0.022680672525529612 0.013985442828759931 0.025341535948154695
0.08074713477006085 0.14173383958204064 0.13602542030719647 0.11301003753419865 0.16091672483151745 0.09705382694881108 0.058417123502980124 0.0357720945277949 0.022522926293628856 0.014012442908154739 0.024844210077601885
0.08206225531484582 0.1419677124681589 0.13666875877238704 0.11340296949339604 0.1604926001128761 0.09698404221035395 0.0582235750351158 0.03538264145140613 0.021907946674570307 0.013595977477787286 0.024369781854487977
0.08206285828280245 0.14191085457815047 0.1362696129365159 0.11338768397765196 0.1610637944727455 0.09716990775184027 0.058142695047962746 0.0351171591093739 0.02187767113577136 0.01390693513602265 0.024216653980147974
0.08172661680552852 0.14264036751356657 0.1353516445320467 0.11329970297386269 0.1605986537628207 0.09670816947228615 0.05809639386507261 0.03571034350618559 0.022273670374401706 0.014095763195381753 0.024274502128241407
0.08149070437782518 0.14174839182261 0.1354385348405993 0.11329032960368747 0.16105582328111462 0.09710611647052325 0.058393677855463726 0.035828097667440224 0.022390746329565756 0.014012043524763367 0.024391513983826982
0.08059726088931142 0.14089933583279762 0.13480672311326122 0.1136673023545201 0.16103167146904265 0.09701125589631453 0.059208300734190714 0.0361306447890036 0.02235172155455345 0.014003286823751593 0.025275755504828863
0.07987321219870445 0.13912756977458338 0.1330955412094212 0.11240699522050013 0.16249842036166887 0.09809359153725496 0.059603167265113645 0.036771092081236266 0.022663550097277434 0.014813354757647597 0.02584023282647785
0.0788073745917928 0.13829435793925582 0.1334259775262141 0.1124016892815014 0.16149453763051866 0.09844473829690169 0.05996755802767309 0.037020820323511734 0.023235019080071376 0.014681037001901846 0.026522448086846645
0.07781896136952532 0.1373811187243423 0.13287960679792274 0.11265017403410765 0.16207243093116488 0.09950178588647016 0.06023187640146278 0.037221382443248706 0.023380338585527405 0.014800119794267404 0.026919781897192813
0.07939677024242761 0.13657942523658503 0.1327639563320223 0.11207212550693446 0.16213265858527115 0.0987101937537982 0.060168514411412556 0.03766140017784196 0.023342473276445574 0.014875947319242681 0.027023248315053795
0.0771022516125925 0.1341757846469584 0.13079277459664498 0.11219104276579742 0.16233602813370304 0.09992710696674986 0.06171061731880683 0.038552034769216904 0.02409338337373734 0.015682341190010673 0.02878891998101994
0.0763969399288608 0.13393550630236323 0.13103430820071027 0.11116178256374824 0.16179568518429185 0.10023929913821335 0.06216752086928906 0.038436841967495326 0.024435939576784246 0.015589818830441665 0.028522629720286383
0.07719304077114157 0.13490425155413507 0.13086820628811008 0.11195981636878524 0.16192474102400797 0.10023102324695891 0.0614517423426635 0.03877329165823747 0.023952394332952077 0.015169898723570793 0.027779385445347898
0.07837344446604515 0.13655484214333916 0.1322349254902225 0.11265697456876089 0.161898230186311 0.09891920800144305 0.06076614277846671 0.037446669534887116 0.023992988799089295 0.015132975247050814 0.027259713889167078
0.07886606356875712 0.1374431495134538 0.13339589143816835 0.11211340464407209 0.16146177071469264 0.09896904785267148 0.060534601204941293 0.03751375870462521 0.02314339907119443 0.01455160568941001 0.02643319915043696
0.07933115699733571 0.13838933854039395 0.13380031267550296 0.11272413910617571 0.16214936651936399 0.09849306976553873 0.059834042202319596 0.03685125402432638 0.023261915665723477 0.014437727592379764 0.026162401124577055
0.07958635686707904 0.13805524032134484 0.1340167558147825 0.11309827430509416 0.1616523795103679 0.09823214458140808 0.05956427668955376 0.036630765097131715 0.02285039271170435 0.01463855463359895 0.026028924913471186
0.07982075464859074 0.13960751233114105 0.13364617906334303 0.11240204037103528 0.16236489882932872 0.09802722731015902 0.059657572205039214 0.036689629916887505 0.022811910663459244 0.014163445524693792 0.025783549550427727
0.07999931190218487 0.13914078757645928 0.13364024235388583 0.11327236516311234 0.16116579555403973 0.09813675604950675 0.05977126141628252 0.036515538572274284 0.022758208919873835 0.01470287535538419 0.025702021406142677
0.07984179403962019 0.13821970541053924 0.13325088817504896 0.11252949618041766 0.16168205257717266 0.0982184153562005 0.05984889688961694 0.03703530537918104 0.023217480082098223 0.014774388525724162 0.025886248595177738
0.07923855342257727 0.13766979252610456 0.1327285556128582 0.11247234787229775 0.16120398544325265 0.09830886710549688 0.060097703647483194 0.03738645634029607 0.02332408566578547 0.015014716855481678 0.026844256809008853
0.07897986506025913 0.13612690419184859 0.13228192999717495 0.11178096438749204 0.16087124191745053 0.09960586043791281 0.060936095917392595 0.03772209998485527 0.02378282836125279 0.014945722559297643 0.02756072126049243
0.07773657980380477 0.13409046523719845 0.13159553085143144 0.11203639046475683 0.1617023956844257 0.09962280337710627 0.061510146139129585 0.038311013991805955 0.024235349640328512 0.01543706807940373 0.028080851504312526
0.07684513036776942 0.1344843067726565 0.13033742643570187 0.11064085625563658 0.1620756767608393 0.10027935186549505 0.06212362627658838 0.03904356853712607 0.024254382871776614 0.015467815334808194 0.028486762765394195
0.07704811212536757 0.13408521264066264 0.13157052496339158 0.11203536362056243 0.16175678000810936 0.09996708974243879 0.062000024506288984 0.03861001248754188 0.024039787565000977 0.015581273958547656 0.028813402845965622
0.07615150559795937 0.13122542823124367 0.12938167436902387 0.11014611234799646 0.16266731100310242 0.10118075381222076 0.062274278068714516 0.03935380481676785 0.02490171829301958 0.01608512416806393 0.03041458818420327
0.07583677370451111 0.13180025618683952 0.12811728631791464 0.1112310718878872 0.16200037393343433 0.10152746940785748 0.06323124755897835 0.03984257162295499 0.025102692106257027 0.01606718736486113 0.030007643929792348
0.07611376235003099 0.13272284788692448 0.12993960318053155 0.11067596907534134 0.1619932120707913 0.10084032987130617 0.06292094288967226 0.03919836120302962 0.024743610564704335 0.015957134877961066 0.029561540097348463
0.07737078608551455 0.13238978393861336 0.1306811468727351 0.1115176501801254 0.1621681662447062 0.10115704477499529 0.06214419613900824 0.03821032361745618 0.024196601338647445 0.015687204922958917 0.02865615883442101
0.07708858498056471 0.13467667196316566 0.13178261915319706 0.11167174728749374 0.1618601348714574 0.10026268789912653 0.06133153438860717 0.03838215247944021 0.02424654328786943 0.015365696391527836 0.027909537229756344
0.07782769482721426 0.13603058117545205 0.1321269917349291 0.1116015052593258 0.16206416877175095 0.09916523111448676 0.061063911002726394 0.03804510890971855 0.02403100561456678 0.01528675069202518 0.027273342717104798
0.07824301776627074 0.13620524074428236 0.13264586821285268 0.1119393918152516 0.16209690340485214 0.09882709397155831 0.06110927873862692 0.03765545407802968 0.023730822161379336 0.01520468331245706 0.027094339140514966
0.07828889322810886 0.1359456156705212 0.1323471781279665 0.11239820093914263 0.162200309909066 0.09898032138166399 0.0608159811339114 0.037865963040365894 0.02346294141254209 0.014913629922536191 0.027632791780193577
0.07849787606896852 0.13693896196455257 0.13185884299284525 0.11209668714905391 0.16150187044198683 0.09905368913569917 0.06066145146066251 0.037779544977599014 0.02402452159620967 0.014960938793027201 0.027296334365453416
0.07823188214349124 0.13568115869435693 0.13204500301382704 0.11181537266827794 0.16233024061640855 0.09948359574289928 0.060881361517557894 0.037497046598894704 0.02395685736908168 0.015075353337461985 0.027550447919926866
0.07779773620916407 0.13437088289432908 0.13170786538516618 0.11183559163124589 0.16203989283933146 0.09977456755485539 0.06109810050930467 0.03867007581586285 0.02414426020203095 0.015143978032952195 0.027946155216054574
0.07702069899382974 0.13386836537397953 0.13016752096856135 0.11123919788871353 0.16178433258149952 0.10056956460278292 0.06205228199119718 0.0388087575404984 0.024853561674202444 0.01574469579169123 0.02858597504656323
0.07641374825905152 0.13262223131355166 0.13018979675968312 0.11120493020178498 0.16156279036152876 0.1014032968603977 0.06159235575754051 0.03913639833728814 0.024762494148841203 0.016029130938695246 0.029637365263971736
0.07540275222789475 0.13186925010318273 0.12878346174144234 0.11108500340459289 0.16186187562988422 0.10121560997233489 0.06299629650271442 0.03948811742254174 0.025200593245983602 0.016175295064612308 0.03039720704064453
0.07591028109932786 0.13164004584477648 0.12907265032357607 0.11060598968235781 0.16226713817599153 0.10112633501095956 0.06233757454631361 0.03936897304035547 0.024976166275977558 0.0161919452934698 0.03032552413695837
0.07425295716497718 0.1292878743830693 0.1271643419813879 0.10948556397348866 0.1624132417710567 0.10263658300988295 0.06484818950204296 0.04088465376027586 0.026207795427547143 0.016726946457598254 0.032072899733051205
0.07517833877906467 0.12950436201586746 0.12803533227329944 0.10922069781209913 0.16225025471173715 0.10188031314674127 0.06390985816420831 0.04069657467670391 0.025986159909947154 0.016843045097321572 0.03143441837123168
0.07456060399927748 0.13055246294384357 0.12867748859262126 0.11014010858333223 0.1620054836750881 0.10214226467389426 0.06354354252898625 0.03995081999900005 0.02587198546966199 0.016690429571654255 0.03096693760651611
0.07575568355178196 0.13085088196343192 0.12895839345669594 0.1102317024288542 0.16197901605858953 0.10178121784474005 0.0632370583496853 0.03967291445004955 0.0253884397432337 0.01628293845945736 0.029880382766206654
0.07585562788769641 0.13196026717961168 0.12954241122493512 0.11060213952969848 0.16274429855136546 0.10107621112143082 0.0626180121754672 0.03967357122192931 0.02492858703638052 0.015894247718457384 0.029916152813005255
0.07606000636487523 0.13309627878251204 0.1297713208830884 0.1118418976766562 0.16246723395090734 0.10054431932516718 0.062091040797579704 0.03887146021078725 0.025083541267350077 0.015438573277654365 0.029037235716904083
0.07650500587708835 0.13485853585187718 0.1307261927198213 0.11112609389885512 0.16172160570168087 0.10008711305263089 0.06204282026600282 0.038693874783256706 0.024586873089618568 0.015659952908833746 0.028664372140953683
0.07718336752747587 0.1343289619185675 0.13096481131767732 0.11174336699786558 0.16174010595922259 0.09972687742506887 0.062035256999573886 0.03843289663181397 0.02425931745798135 0.015581851058984329 0.028424958478008574
0.07681678028886858 0.13377271782649325 0.1308383165774757 0.11110777705499134 0.16150784527824116 0.10093926155838892 0.06204912748544367 0.038862110526792275 0.024669559338293536 0.015515732147649982 0.028570478760544752
0.0764089314537828 0.13271501735646882 0.13066083932875044 0.11104048675234839 0.16249748392641603 0.100913970742766 0.062311157153062575 0.03933252835070625 0.024724000115460096 0.01555105152313569 0.028682412956468662
0.07582830358634213 0.13247551980370967 0.1297606560936701 0.1110817117840231 0.1623405423210488 0.10043386439584652 0.06238507757627221 0.0392431261021771 0.025126946180747595 0.01585553462761455 0.029678519560088764
0.07499503184966384 0.13189451940676794 0.1289569063553272 0.11054024684879088 0.16268459694212561 0.10143221828424485 0.06280135696847118 0.03970578550257668 0.02522367565917075 0.016172041673356473 0.030356461141381057
0.07469647293164468 0.13035789557172098 0.12815177244302717 0.11054924327027865 0.1616475942153957 0.10170384102687087 0.06408399172524665 0.04024978230638824 0.025745516551208485 0.016525640352626936 0.030630652441747782
0.07433426831502934 0.12907955104292382 0.1278138477865706 0.11028005734388803 0.16261644955995747 0.10232822244039823 0.06377432567672649 0.04065712042914427 0.025758966480485902 0.01676827214518843 0.03121303972075093
0.07378727108159822 0.12970739173560283 0.12719675555738996 0.10963756964458579 0.16206988494352192 0.10283267649658333 0.06450028132381395 0.04096343396160453 0.026277942258612928 0.01664995055552787 0.0319880498532329
0.0732257341298164 0.12699911814501644 0.12675158123276045 0.10871118899216137 0.16272084411001178 0.1028102805422381 0.06502812445509902 0.04131528440349311 0.026819094823236828 0.017323828480104445 0.03311957748359789
0.07356472766001076 0.12796623852359723 0.12671655967321319 0.10924435549607686 0.16224066333055817 0.10261056993423985 0.06458549759193612 0.04150593214750437 0.02648817547593642 0.01714698417139617 0.03295559333353463
0.07390175111731606 0.12851650391562466 0.12722356793707548 0.10935769271681815 0.1622301782760081 0.10259532127445116 0.06440126029900979 0.040882264511809305 0.026526410182551072 0.016944834564202493 0.031967633946649865
0.07446235127211785 0.1289083359002405 0.1279926684031247 0.10974048481602501 0.16229445234623066 0.10262999511942185 0.0642058845070826 0.04056950503910593 0.025869989913260217 0.016869009499056255 0.031520851820828165
0.07429212950908036 0.1299364389454268 0.12855683101775114 0.1098182750341363 0.16223024847460907 0.1024008090493572 0.06410732142324187 0.04003022521370259 0.02579448238893817 0.01627027466486147 0.030989674800106504
0.07496042522746194 0.131246508088921 0.12875274020234911 0.1107781933503476 0.16256040960640786 0.10102061252665712 0.0632499158394666 0.03997196202305378 0.02526406156713282 0.016410354602293186 0.030490275703373728
0.07555359868167474 0.13175829632349903 0.12911654057692765 0.11095353898261119 0.1621144580436916 0.10045833042703085 0.06306334713166864 0.039796973762165413 0.025511406067375803 0.016225014073636503 0.029963075171911213
0.0753551725467719 0.13142361564982097 0.129385726475379 0.11056787260279964 0.16223619016636492 0.10200856813242096 0.0636426014422705 0.03963248824214239 0.02516230763160205 0.016032042259862815 0.02972577007866422
0.07582147561813937 0.1307382414276625 0.12968192774895881 0.11054462390959027 0.16194653440115556 0.10128686455071322 0.06318324035496356 0.039878166671175067 0.025039057927755213 0.016016347104110654 0.02989028331985761
0.07575823248838263 0.1311523682133921 0.12855863330435538 0.11039219540685084 0.1620597599663404 0.10206771614477342 0.06340316972230287 0.039736944544661465 0.025185345345508203 0.016387254657349123 0.030083535388617653
0.07486605574450238 0.13018810099450784 0.1280996405175688 0.10999195225693198 0.16217695032190135 0.10248875711888866 0.06330805003084715 0.040335198300993545 0.025742759472951172 0.016597138470011052 0.030928008743087255
0.07437664198993309 0.129223426713252 0.12721473913517994 0.10981103511915305 0.16236622381906604 0.10256099770103612 0.06425990222141444 0.04052498824084483 0.025512430785439192 0.016715691040506547 0.03168628601742037
0.07405860491519528 0.12756821887205663 0.12654415152100013 0.10976480378312857 0.16212540920303942 0.1027064943362169 0.06466046152831867 0.04167320689474133 0.026284759258515825 0.016964778905998044 0.032379113290704864
0.07321328793230773 0.12720672082653567 0.1260344146423483 0.10935531750523154 0.16316003850617208 0.10264773033256273 0.06531064664816914 0.041212995482468234 0.026525630790044295 0.0169864402016359 0.03273866774451205
0.07291033486197164 0.1271384437055969 0.12699748031519323 0.10858687290680845 0.16279577916489102 0.10310055704070833 0.06471658786947213 0.04131044529803685 0.026840775972133562 0.017273586820860158 0.03321987255896076
0.0728143883996 0.1256522695800256 0.1251575751012761 0.10786296386476567 0.1623315982610319 0.10402079660181243 0.0659609403589126 0.04219144791979708 0.02725368635009492 0.01779214886422824 0.03412259587222967
0.07242411687746451 0.12624284239338163 0.12520826545448105 0.10912136137102184 0.16271142044566947 0.10354608097587117 0.06514564857702854 0.04177658536495926 0.027206065984362322 0.0176249968559146 0.034162417413517485
0.07244710252852937 0.1263362375390822 0.1262170328947222 0.10905296767635407 0.1628482010157097 0.10351433357744338 0.06495372779409672 0.041762406183408325 0.02687465751546298 0.017479252897621922 0.03354511282971907
0.07300037470424348 0.12767554955114138 0.1267382804784825 0.1093304773627187 0.16259513461357583 0.10304399963564768 0.06456825694387733 0.04138849155453948 0.026423655352666744 0.01719372539321163 0.032594525856271574
0.07385347475017243 0.1281465066829397 0.12762626114423828 0.10939552500822508 0.16263674997425834 0.10252863929523734 0.06427692112220108 0.040465560493729416 0.026226727401913973 0.016721713355740242 0.03206908746323327
0.07441875793889828 0.12922520422214578 0.1274521558006757 0.10942094685631686 0.1620036884565261 0.10227839017530983 0.06450060848456164 0.040727430260800244 0.025765088323321614 0.01684559699175736 0.03161396007919348
0.07454638092973229 0.12927817463009486 0.12750156130653761 0.11009492527798756 0.16237617698418058 0.10193361242846997 0.0644268901039377 0.04073946059495352 0.026093802065540104 0.01656595280470071 0.031206928504009936
0.07431893306942199 0.12939968758775822 0.1279732421537681 0.10989719118387928 0.1622101100725756 0.10194843031343981 0.06397917675454856 0.04072755872843869 0.026155287275100764 0.01665969802234667 0.03133536569147672
0.07464789774922642 0.12884431320344747 0.12793387309720336 0.10977713236919495 0.16262008160451633 0.10278343206657214 0.06391456706128129 0.04031383738227028 0.02577578490960457 0.016605064355191077 0.03138021856678929
0.07425680538091332 0.12851415388223994 0.12804689693634388 0.11000275041912254 0.16211560527741495 0.10263227261997537 0.06441379775770951 0.040616224754633855 0.025886237556281295 0.016664071659993618 0.031539167768459296
0.07359157679413447 0.1283483939345649 0.12663772001231183 0.10967062962427934 0.16292810344566117 0.10308817331286184 0.06451797972557197 0.0408036551961614 0.026156902534085705 0.016917132272298484 0.032127129154687545
0.07371472018895404 0.12725690605573775 0.12678581716736356 0.10912042422846467 0.1624132686977816 0.10286201812105152 0.06471971826599668 0.04117366238601749 0.02651492074083218 0.017115289828498186 0.03290973271450998
0.07321497449518381 0.12688152593395208 0.12572549567815727 0.1091112575998867 0.16273680062326926 0.10252451669453952 0.06477518363264839 0.041767243814623156 0.02697430053284461 0.017473562850290194 0.033236499723349244
0.07224323097277939 0.1262688520979287 0.12467459813062176 0.1089887810122842 0.16278771241725207 0.10367450708554649 0.06553174384269628 0.04208541048869836 0.027096379485142933 0.017549486215202054 0.03412864992570591
0.07283891565829283 0.12551105953433345 0.12496528092494734 0.10820347458488437 0.16222092726619972 0.10422161594806396 0.06573880438997556 0.04221865604440574 0.027164732218948922 0.017840619252317818 0.03420485038971282
0.07219289654372948 0.1239720707567743 0.12410014180197591 0.10877344424866958 0.16225060295578306 0.10413475892062603 0.06642282780868533 0.04298767251303297 0.027484902841473258 0.018032545449114343 0.03520918074479583
0.07147619764021264 0.12430978334026044 0.12445037511935701 0.10827283621026114 0.16264908257977068 0.10411752428740773 0.06610579697530027 0.04260435082134754 0.027694880074419847 0.018211809320137363 0.03510100535344346
0.07164129754010475 0.12528724762416382 0.1249761423586123 0.10854878045899134 0.16254043780843339 0.10370155128773778 0.06603217417803951 0.04228363894393911 0.02745281839432912 0.017777405041357816 0.03471202962579641
0.07222212048898626 0.12541954420329235 0.12537974208840297 0.10952796914290913 0.1621716735535749 0.10379259990136339 0.06559525240241866 0.04220741176602433 0.026835193612981013 0.017402452123632093 0.034112739587285015
0.07322947934410841 0.12679831273781453 0.12613955073371966 0.10879740141914032 0.16221988753844682 0.10375883958906763 0.0653684008702741 0.04125005036353489 0.026809398257029493 0.017230536188878428 0.03315832612279365
0.07328809379612534 0.12711268230310283 0.12662279219688113 0.10922417231028166 0.16205435119593442 0.10349668086911781 0.0646626767964072 0.04143571908264198 0.026500038101938562 0.01708548345747627 0.03281292318277036
0.07344812637165096 0.1280102224609568 0.1268444113870374 0.10923264396681226 0.16176198003261935 0.10274129742129293 0.06450880451221568 0.041531372829541086 0.026631249661077577 0.016768185205049593 0.032637099221140095
0.07338329156025218 0.12740557777118416 0.12758625898493123 0.10980280291011814 0.16159729667135464 0.10317369011635015 0.06495598870994189 0.04122667756590731 0.026301465461011586 0.0168447513295444 0.03199700880452389
0.07316262817770793 0.12762929475984117 0.12693917371178418 0.10922260484655459 0.16200937317581154 0.10348733740805328 0.0649527695740347 0.04130843760578532 0.026587716826516845 0.017059589076013428 0.03252284298578968
0.07303945771824481 0.127112378933825 0.12616656934057063 0.10924304911960643 0.16272068181550292 0.10293780959668436 0.06514870245301241 0.041562233699582396 0.026821377662788096 0.017206084840453467 0.03277866686408933
0.07312487020813663 0.1265579901638045 0.12613561005687415 0.10875055138648582 0.1628702351543711 0.10381508925884936 0.0651767561560259 0.04125704117844358 0.026615241365918092 0.017400465571912646 0.03288693402814096
0.07279292158934234 0.1263074147379525 0.12512309622558362 0.10845489516792334 0.162071615547451 0.10316269968083616 0.06577066494742578 0.0421712965471534 0.027270453407342014 0.017432267267850524 0.03394309402253416
0.07162004955678354 0.12495438541345584 0.12509209547546796 0.10832819626030213 0.1620149049066497 0.10437788807737237 0.06580120532161879 0.042095902007483955 0.027537062159977886 0.017923255744113586 0.03469558617183243
0.07162088917432691 0.12457144794336643 0.12466808720397875 0.10777343214411969 0.16247506885274537 0.10441576102692761 0.06616401952370918 0.04270303966347675 0.027577414355706823 0.018068441763691892 0.035169442641428544
0.07213718953541821 0.1238569417910877 0.12434082371999652 0.10893447388934904 0.16208446687431205 0.10398460928011213 0.06661760277658477 0.04274387162669108 0.027462830805744808 0.0180972713912312 0.03524698498234539
0.07113175279399682 0.12309062709648366 0.12315410944751293 0.10830321691669735 0.1628290525629175 0.1042634326771131 0.06684807083846037 0.04283887279550335 0.028297002452828717 0.018474411480078803 0.03620112622622366
0.0707197448207514 0.12312031933438401 0.12439197389123709 0.10799183550621619 0.16237412161175332 0.1044127776029239 0.06709827701459017 0.04298455954175675 0.02793659342087281 0.01841749764255576 0.036135520150719386
0.07115505140791312 0.1246772084724186 0.12359088304923073 0.10793827420841391 0.16222862810436836 0.10440093301784487 0.06721293072407654 0.04261270154465476 0.027781349826879822 0.018132459724113707 0.03554132361633987
0.07186834500536746 0.12437398814414251 0.12452711457428615 0.10948106771156284 0.16181814808693787 0.10404570919448922 0.06625582030136748 0.04241347768195942 0.02747181659672609 0.017862814335942834 0.03505936357839463
0.07181006704777788 0.12560667379673426 0.12474794597852659 0.10844341668823883 0.16256893403502756 0.10433260080617628 0.06573995611207697 0.04196120709941804 0.02743467726316793 0.01785884382249329 0.03432137205110894
0.07316232220985272 0.12554793533657102 0.12520829432178224 0.1090709879902755 0.1618106365868897 0.10401243221885745 0.06531661692987747 0.042066951512899284 0.02722525744690789 0.01751940022717986 0.033864993182862395
0.07257019257565309 0.12572005392087762 0.12564156714918367 0.10927821204061634 0.16203665331738673 0.10334336148114315 0.0653570008876291 0.04188349892934423 0.02702852893837832 0.017570314485182134 0.03377832454758383
0.07246302674572243 0.12635301870623938 0.12617899697641552 0.10928748194630805 0.16243415424277893 0.10307178938405913 0.06611502159724754 0.041886607186511035 0.026356211097314026 0.017336647306555375 0.033202860235225534
0.07262837152234898 0.12653807835370223 0.12519822680689044 0.10878418640765854 0.16173922841898347 0.10383524483469955 0.06576197649638417 0.04189247199174753 0.026935449364012393 0.01763143664498834 0.03366648261658967
0.07254955366973068 0.12597186924270865 0.12549315385990806 0.10830338199617774 0.1619332156105013 0.10353797147696193 0.06546173704431282 0.04252526574558453 0.027312997550697753 0.017531507741659624 0.03410907094260237
0.07192140726951356 0.12534980952619496 0.12489177260023256 0.1082724864952961 0.16269093538175394 0.10417006182183347 0.0658409572857804 0.04199024064466737 0.02716853446593609 0.017768243481503878 0.03455090387635941
0.0712676947812474 0.12496075116479312 0.12412998856909864 0.1085452683608082 0.16208802419599258 0.1037687614448939 0.06652429700760752 0.0427292694787718 0.02757724583147487 0.017976751485542244 0.034776023279856086
0.07170114052646807 0.12417273256244349 0.12425825592117393 0.1077745346235168 0.16232226786697762 0.10442082050418025 0.06666225530003937 0.04270793222897546 0.027493183255554 0.01817999977937391 0.03552209770457397
0.07059357709759677 0.12340344258135773 0.1238217798096305 0.10772764646935142 0.16230779474483997 0.10423337246187411 0.0673186302358688 0.043005540213753086 0.02812206292696373 0.018355166586545853 0.03645603134043139
0.07102986815354334 0.12307335958359501 0.12341686229775564 0.10815858683439616 0.16317088939596394 0.10421755269857955 0.06696350056993179 0.04288799341708443 0.0281188055239101 0.01859455659287636 0.03626179258186967
0.06993548554298747 0.1227192161428765 0.12235627949617274 0.10770737839362049 0.1623147152858469 0.10535170207831418 0.06725822536035907 0.04332570788770292 0.02853237668028315 0.018493097093070607 0.03713934822590016
0.0702533615152147 0.12217649634225419 0.12334318799659541 0.1075389089857378 0.16235600944290754 0.10500717877354097 0.0676345248910823 0.04327516479613712 0.028646969143054483 0.018710650167188574 0.0371448946701711
0.0707454861453255 0.12275126694429583 0.1230624884070193 0.10784744391594248 0.162176896092422 0.10524101835677867 0.06746821337560904 0.043045223750153065 0.028214432918513322 0.01867795662021296 0.03618823084487689
0.07104528351115887 0.12335843193245127 0.12382929519161688 0.10826144035613011 0.16227012384061143 0.10479472880730015 0.06647627063107678 0.04301277201548431 0.028029829841838563 0.01839685970274457 0.03607835936552279
0.07132978576794806 0.12358768698519423 0.12406344552310464 0.10838251656048602 0.16272391028013905 0.10434742076221115 0.066416195785139 0.042866090804183236 0.02758051118943707 0.018399141744829376 0.03542806080254455
0.07194018551996667 0.12432695699405144 0.12411942418435104 0.10818227909513702 0.16203426580257968 0.10461313599668298 0.06628780059346298 0.042360637152451995 0.027539251794446176 0.018076018776101942 0.03493170428389203
0.07182390980984012 0.12489767117800007 0.12412774567220057 0.10872696705842314 0.1628250752732025 0.10380541230262173 0.06623852571287345 0.04199953541250068 0.027428713232482735 0.01818081089503683 0.03477809845208256
0.07164358699441224 0.12524679234364386 0.12423948737709625 0.10878397860158981 0.16276125026689608 0.10361027691568943 0.06631941887217367 0.04232831454705794 0.027100949012603667 0.018000263592901796 0.03474023987229824
0.07165000114074209 0.12548498047144047 0.12449984274619562 0.10829978197449514 0.16279159725953485 0.10370895160956986 0.06591918283684306 0.04261889527517543 0.027479898985178552 0.017840931246540803 0.03478050681950619
0.07192287215911841 0.12459692379046698 0.12481095181558066 0.10824737452957951 0.16215960898192275 0.10380231810502583 0.06647202462790551 0.04256300967473213 0.027437330642459713 0.01799575768273292 0.03492574567494085
0.07108837024683769 0.12386007179587682 0.12428899555713388 0.10817422252561605 0.16221715305528933 0.10417155859006597 0.06670996028489946 0.042712835225724666 0.02739958786930108 0.018156608418738125 0.03596110990333255
0.07088373778487694 0.1235767614565043 0.12342186431224822 0.10830034644171979 0.16195332341565966 0.10479552208998826 0.06683118057622167 0.043049231227823434 0.02825471127899412 0.018454045955658537 0.03591716403084618
0.0707272343991844 0.12252569329229324 0.12302807843433691 0.10735718708758121 0.16273905409868758 0.10475418314607929 0.06740281608621207 0.04319598451287502 0.028223545220064206 0.0184337012481595 0.03672885317510384
0.07037888405773093 0.12197950125234688 0.12336827652627233 0.10747636357803537 0.16262301767304674 0.10475570936812792 0.06756506000509956 0.04330839413000559 0.028277353046817635 0.018603185525907767 0.03728971345103896
0.07012805793718313 0.12179186470459107 0.12282184555976264 0.10741422352987107 0.16308949693047994 0.10477064448499823 0.0676060228579703 0.043185374374280994 0.028505569704793867 0.018670531867381296 0.03708028562379987
0.06990842970309939 0.12074803468936508 0.12258390813609005 0.10732272954448392 0.16262581901809842 0.10522292751557062 0.06824509514603731 0.04404682334935256 0.02896650633341188 0.018984346459148246 0.03777594265667028
0.06970951608583525 0.12121554166688764 0.1227410443251288 0.10763603474960039 0.16208222097649488 0.10560298589730534 0.06734605183612039 0.04391779373192164 0.02911527758327813 0.01897346190506362 0.03770490441810783
0.06972684736870062 0.12126100971984484 0.12260429107580884 0.10766532261956946 0.16195847048280299 0.10528065387400432 0.06746756666983196 0.04384751612768943 0.028480583847908685 0.019096566611452703 0.037572427457103486
0.07065052680265772 0.12211949408019479 0.12298348348173115 0.10732427013367858 0.16271769646755982 0.10487526116517687 0.06713646959978384 0.043508029557043734 0.028283498142586933 0.01867442616519923 0.037056394280641114
0.07099076002101803 0.12290091732441004 0.1236466680641041 0.10782159685960219 0.1620842885309695 0.10454218773370086 0.0671374378509826 0.043407968308208714 0.02792738000152768 0.018596043007825774 0.03625737036598843
0.07128019552327325 0.1232937059450813 0.12431093314487732 0.10723159951340674 0.16284906148779943 0.10434735578841967 0.06689523085328526 0.04299961436312134 0.027813070544071714 0.01837761468214728 0.03600438267423068
0.07068135976001422 0.12373075393342085 0.12394955675932752 0.10744522809522201 0.16241543289051466 0.10431510663968029 0.0666483555393925 0.043012009712679634 0.027789237772681042 0.018463135381107984 0.03609984053447844
0.07076796793828094 0.12381378302582247 0.12363510195351965 0.10843271393118478 0.16320993558876956 0.10391676777015617 0.06621146062786724 0.04264800911631661 0.02790073900839549 0.0185290009750424 0.03597348183641525
0.07058978927543708 0.12353314751424783 0.12374424835507737 0.10808837364459399 0.16223257533364177 0.10431152941729467 0.06717586484613722 0.04339764202721701 0.028166520573689114 0.01825019649263087 0.03605533732870583
0.07100870722305203 0.12297222004005003 0.12374850755592756 0.1078721899415488 0.16184324735185776 0.10495397617142763 0.06702377046334554 0.042708280858928305 0.028188498632686455 0.018434731342647354 0.036155527203485915
0.07048522642105425 0.12242060174272354 0.1228627687857267 0.10768693718742504 0.16269427515167068 0.10432918731448627 0.06770145042777641 0.04286803654388128 0.02797086418044709 0.018341644160956554 0.03685674354416941
0.06967210418328257 0.12172396608773524 0.12330865389652368 0.10752922770412635 0.1624547397801697 0.1046071182541209 0.06734426149585682 0.04353655628192198 0.028801549716757056 0.018984868323861398 0.037039598740810545
0.0697097559779048 0.12163815580942079 0.12199168217066766 0.10767076926890191 0.16311778680123146 0.10519402302097074 0.06764929686733467 0.0435047473438602 0.02847570074920334 0.018661392157025055 0.0376847969857548
0.0699579433941177 0.12137285283059904 0.12260347912952006 0.10724955760340332 0.16222756900759708 0.1055181648801819 0.06768644934819511 0.04377523871264462 0.028365708371042214 0.018946644317090332 0.038331269202909406
0.06975231555502646 0.1206091321475322 0.1225443636944794 0.10723908139734328 0.16267648778666 0.10526188163497831 0.06815869106113007 0.04404787258971894 0.028964863139260215 0.019185328053388517 0.03762118570251516
0.06940125025200748 0.1200506275269295 0.12099016306241558 0.10669352521086634 0.16362765026208606 0.1056481848471619 0.06817039067561091 0.04408371665299583 0.02917414526867181 0.019547323860445633 0.03873405989211032
0.0687926025911805 0.11989975388065502 0.12111872338978558 0.10732319593952502 0.16180615482549188 0.10544968921281002 0.06871438670036109 0.044220826826284136 0.02937095007436471 0.019262167833791637 0.03905851040090086
0.06883108171693617 0.12057440161117217 0.12206786114694035 0.1076685628420518 0.1624707056961218 0.10523914105208335 0.06805090222651611 0.04438773617736776 0.02875398543397665 0.0190127361838895 0.03869571301737388
0.06983407276651084 0.12018321968241646 0.12188782547867881 0.10760118034649938 0.16258977191326968 0.10537029957620309 0.0677041245017332 0.04422953482483888 0.02898783159949283 0.01912299455594861 0.03790858700753608
0.07034219066350245 0.12130726048439168 0.12346692529249138 0.10707176117796464 0.1617403832419153 0.1049987291951306 0.0675314937358586 0.04378280492963895 0.02854682966274402 0.018590612921523288 0.03751878283649001
0.07014916411902199 0.12195248471398601 0.12288762992567383 0.10790862133019137 0.16252529810369987 0.10517848277101484 0.06733090025019 0.04330859667342676 0.028542422197996523 0.018690926533200206 0.03682939214633558
0.07043973655600538 0.12264744614306672 0.1240996509346611 0.10736153175587666 0.16286927262265205 0.10455396275449794 0.06696635331897076 0.04324760782540838 0.02860572543130629 0.018560772876295203 0.03667961055846464
0.07014950045098972 0.1222707926997211 0.12268018371654259 0.10775081114556112 0.16240635837126458 0.10557656929986421 0.06780166416995655 0.04348666380948751 0.02826843212403723 0.018525259512056802 0.03670243881295393
0.07114432304879634 0.12196859633965146 0.12269046094245842 0.10800326856113737 0.16175203359089294 0.10478946714586693 0.0674985145832829 0.04370629251617653 0.02838039711696057 0.018462415188795656 0.03693410886918748
0.07035738952580163 0.12202895606548696 0.12290411741116174 0.10739903650668238 0.1620350674272907 0.104529460716819 0.06751131628897408 0.04342779649572884 0.028384043495151615 0.018794524947225943 0.03701757148305972
0.07030484612037916 0.121856621142799 0.12277448932121916 0.1079260733861552 0.16250887724769073 0.10467353012716807 0.06709290549588967 0.043485882557446544 0.02839457124696117 0.01877248643963644 0.037434957569660546
0.06950077787070676 0.12210096152612657 0.12226923648537691 0.10803422953183381 0.16242220763830184 0.10443585798021747 0.06793552312789375 0.044015091999281344 0.02837836873224506 0.018990491497782484 0.03798697530229727
0.06938197300911302 0.12097026597765888 0.12157973650109916 0.10734422924080582 0.16214191890086155 0.10537471737794234 0.06817499308352608 0.04437125352788077 0.028758893173988772 0.019127186131968288 0.03811615431386397
0.06938450613283328 0.11983102003061644 0.12233459348758038 0.106808335806796 0.16246310221217836 0.10552117854401127 0.0681873715401523 0.04428347156931677 0.029357452069066824 0.019027623843687173 0.03851972712142668
0.06918005668425938 0.11996539710149812 0.12110758917325767 0.10710247224396487 0.1633165141116322 0.10581639335703637 0.06791310126859015 0.04435757680777977 0.02912558948129361 0.019615114001803595 0.038686753011146775
0.06863373577002715 0.11942180856316849 0.12112470946908584 0.10645217497138922 0.1624638099932233 0.1066518485958203 0.06880642568915932 0.04505068505528893 0.029346936153039786 0.019643973969742486 0.039384463401832256
0.06903087810726737 0.11965008554392574 0.12091246513437792 0.1069506092888904 0.16229906987412793 0.10610829362920121 0.06879482877495394 0.04437672220248745 0.02934829293801623 0.01930450359067657 0.039349333403311725
0.06915588826999396 0.12002042416331567 0.12149503324014899 0.107028083904719 0.16242009460662518 0.10545115044493322 0.06857291134405409 0.044444217999925935 0.02946923147669383 0.018943948435899777 0.038882976352049514
0.06954603997553432 0.1197207815283984 0.12163801989172938 0.10751518320178842 0.1625832603090816 0.10569131851031 0.0677897550500076 0.044079878779889094 0.029030800849201434 0.01917490110126831 0.038931905518202234
0.06975650793061887 0.12021537113398983 0.12170965857789416 0.10794279520003214 0.16192627807674873 0.10529059534004719 0.0680818028916076 0.044221781660334 0.02884036109967341 0.019038441507818492 0.03825569073833348
0.07019155703640245 0.1213170855584833 0.12178071741195512 0.10732361808312105 0.16299429682536046 0.10584931683091976 0.06714707968565997 0.04390084435186446 0.02840286718374377 0.0190268853476565 0.03760118964268503
0.07002081179549059 0.1218310617788535 0.12258381703686068 0.10722168273395509 0.1626315137564861 0.10570563044401872 0.06759733575979092 0.04348998209639423 0.02853490538144529 0.01911850638550581 0.03723190578012177
0.06942566001128228 0.12142247890370116 0.12325626652640645 0.1074795188781951 0.16222353344513937 0.10546695533920983 0.06794609572051206 0.04374492756893836 0.028337862713394696 0.018769604503677706 0.037549911166525875
0.07061622760922337 0.12129905010660388 0.12242669253296093 0.10743657590097244 0.1622329622210441 0.10517062746366951 0.06781994428550442 0.043848279863506215 0.02841261556830243 0.018875227963315488 0.03750257141760612
0.06934927215630964 0.12082316253793732 0.1222887925203722 0.10782824033983984 0.16225286539544362 0.105650919701424 0.06845867400855542 0.043967969449989784 0.028588132879213617 0.018825799856421938 0.037735180372107574
0.06967286445431446 0.12055342746689543 0.1220232349848429 0.10735546087494717 0.1624828035640863 0.10512703687875875 0.06813755332754037 0.04426990473880096 0.02887521056863033 0.019112223009379925 0.03802637017338032
0.06868495583117304 0.12044946527433718 0.12178858985064021 0.10722137382508516 0.16219863894532244 0.10585729209687084 0.0688206262068249 0.04435742382206082 0.028918414949283877 0.018930535862377865 0.03871253907953615
0.0692272643996678 0.12017342555787427 0.1215743126533258 0.10685636856543287 0.16208170771289382 0.10563794032953577 0.06898934812971541 0.044385323829065 0.02910425840707982 0.01940531687484208 0.03895809169161683
0.0690520660857452 0.12001804028096107 0.12120161925421137 0.10728520848277272 0.16164674942909418 0.10594308711962107 0.06854753751861468 0.04467689408964347 0.02935524997972175 0.0195194064222531 0.039185142535483386
0.0682967834587395 0.1196902829404966 0.12072544648902404 0.10650534321507216 0.16306297966820352 0.10607891479332052 0.06921614892494449 0.04484821842365609 0.0293450479024807 0.01959951324919472 0.03943502211359514
0.068356 0.119156 0.12072 0.105998 0.162542 0.106416 0.068892 0.045536 0.029364 0.019674 0.040462
0.06878009524834973 0.11898670374665701 0.12071218351228878 0.10681942306984187 0.1622644412335745 0.1060006515048084 0.06939033637060996 0.0450399069765952 0.029658072199308043 0.01975567258789034 0.039635434532316584
0.0689189437612376 0.12011953857459515 0.12078078035873359 0.10703417448787395 0.16202703879159264 0.10583295703047224 0.0686359005077646 0.04463360397096785 0.029383358215832923 0.019647866315278234 0.03946308484734583
0.06934052591583735 0.12026474626822238 0.1217281562330255 0.10660689521376251 0.1620858801713303 0.10536571959347064 0.06832806723727924 0.04462314818769076 0.029307138583442555 0.019038782219565422 0.03929612265867222
0.06896762542542084 0.12180875993837523 0.12172114971958366 0.10651771341040941 0.1626409618954659 0.10576847757833423 0.06756552121532407 0.04384249543098143 0.02917003480501603 0.01944121310050215 0.03887478195859876
0.0696208824258461 0.11997177437217678 0.1217166728089798 0.1074426971825157 0.1625051962763234 0.10521188255534025 0.06832064604718445 0.04421843695771682 0.029197621611621396 0.01918375487738409 0.0382445037023089
0.06954723812931113 0.12083849853649875 0.12300117790919524 0.10716646953584684 0.16249611161252728 0.10483562407668852 0.06812451205332025 0.044025375474138845 0.02903156261222484 0.019012203276369048 0.03827309794332566
0.06979 0.120822 0.121202 0.10629 0.162792 0.105738 0.06815 0.044094 0.028864 0.019172 0.038714
0.06964486230553853 0.12050573357831568 0.12157281161695292 0.10755405638037199 0.16160762387129715 0.10585703471988911 0.06859158482503501 0.04441131521513286 0.028902851571972164 0.01905966251716293 0.03838429885310621
0.06943495046268046 0.1208196856274743 0.12168720726619639 0.10690845454010893 0.1627249796480019 0.10519587114548888 0.0678573589031483 0.04388325896700718 0.028614274461238102 0.019251947584239752 0.03895954519617476
0.0690863903415693 0.11954068685236977 0.12161151008722858 0.10785147015076085 0.1622042791579147 0.10593970321651922 0.06812670646824037 0.044539201727311385 0.028988391789162647 0.019428997333319136 0.03840583598072946
0.06951859650619209 0.12036040255550724 0.12095887278817456 0.10659035653982465 0.16224022765888566 0.10610333503469982 0.0684803279584059 0.044759411175279 0.02922443651347257 0.019148413684728013 0.0387824715481282
0.06839054817837181 0.11987458870389299 0.12117100717872362 0.10638650732408192 0.1621004665381962 0.10608657706443027 0.06823031591327486 0.0448189448444392 0.02979211093233226 0.01924407556816745 0.03952488102405071
0.06789401917730901 0.11922256118143604 0.12070302952680739 0.10665455942841606 0.16246097298179302 0.10630063434953334 0.06968461664425643 0.04509644294379249 0.02961075293223617 0.019368955215015336 0.039954635325081866
0.06835 0.119336 0.12063 0.105808 0.162224 0.106596 0.069188 0.04502 0.029712 0.019612 0.040574