0.066975 0.066975 0.080925 0.080909 0.137556 0.099561 0.068371 0.046524 0.032206 0.021653 0.048052
0.065713 0.065713 0.081097 0.080754 0.137039 0.100016 0.069603 0.047308 0.03215 0.022032 0.049553
0.064976 0.064976 0.079379 0.079213 0.137711 0.100124 0.069525 0.048005 0.032597 0.022671 0.050628
0.063307 0.063307 0.078039 0.079279 0.13701 0.1009 0.070308 0.048393 0.033221 0.022812 0.051681
0.062026 0.062026 0.076593 0.078406 0.136377 0.10106 0.07118 0.048809 0.034064 0.023506 0.054346
0.061351 0.061351 0.076813 0.076675 0.135366 0.101269 0.07138 0.050242 0.03428 0.024592 0.055777
0.059424 0.059424 0.074089 0.076149 0.134222 0.102615 0.072861 0.050543 0.035555 0.024602 0.057806
0.05873 0.05873 0.07328 0.075826 0.133248 0.101393 0.073055 0.051265 0.035909 0.025581 0.059167
0.057346 0.057346 0.072871 0.074897 0.132895 0.101604 0.073688 0.052065 0.03703 0.025627 0.061388
0.057468 0.057468 0.072781 0.073809 0.132247 0.101228 0.07357 0.052502 0.036829 0.026288 0.064189
0.056637 0.056637 0.071021 0.07355 0.131391 0.101845 0.073034 0.052877 0.037592 0.02632 0.065693
0.055717 0.055717 0.070053 0.072661 0.130755 0.102619 0.073638 0.05323 0.037756 0.026881 0.06694
0.055333 0.055333 0.069531 0.07212 0.130143 0.101393 0.073963 0.053254 0.038558 0.027197 0.067983
0.054394 0.054394 0.069513 0.071327 0.130071 0.10143 0.074448 0.053578 0.038154 0.027313 0.069673
0.054408 0.054408 0.068914 0.070973 0.129593 0.100757 0.074252 0.054434 0.038321 0.027691 0.070902
0.053845 0.053845 0.06896 0.070645 0.129685 0.101726 0.075103 0.053845 0.038563 0.028179 0.071514
0.053893 0.053893 0.068565 0.070821 0.129349 0.101244 0.074374 0.054264 0.039321 0.028146 0.072502
0.053584 0.053584 0.067729 0.070739 0.129238 0.101314 0.075126 0.053977 0.039386 0.028187 0.073932
0.05333 0.05333 0.067466 0.070293 0.129271 0.100514 0.075359 0.054259 0.03961 0.02817 0.073507