0.08589281545338863 0.1479359126855124 0.14007984811838867 0.11491903878994651 0.15861343409443043 0.09335746014824174 0.055195338766085296 0.03331243377197504 0.020451277065719236 0.01287245577547355 0.022445777475552008
0.08549013309221014 0.14875470094531357 0.1392591810001687 0.1143485858802159 0.1587867208865125 0.09355518389669105 0.05595423320653819 0.033401542283535035 0.020630993585371734 0.012861596089883449 0.022539059859650726
0.08483205700112309 0.1487509835756775 0.13938032615893797 0.11381960764229375 0.15923791757313716 0.09387026983795835 0.05549832069977649 0.033749701744288575 0.020506568215785 0.012891175050809838 0.022565623289194956
0.08479417323303423 0.1472902437084536 0.13885241966896467 0.11429821054448587 0.15886302662668733 0.0940431053276909 0.05608705617602726 0.033764925393230526 0.020928223843265203 0.01321622618929819 0.022930525265888724
0.0837711355686597 0.1454830642244237 0.13840973415984714 0.11348848271131749 0.15978301764785016 0.09435831486365213 0.05647413326164542 0.03462349514491033 0.021228402822644387 0.013241344611406086 0.023179156100128256
0.08325602398591397 0.1454721114389322 0.1373104378767977 0.11386866065833948 0.1598063374132381 0.09477923196431322 0.056469330497322105 0.03460903253186367 0.02112674891605304 0.013517627582197869 0.023743629653120265
0.08317223898467115 0.14455944431477305 0.1366297762821999 0.11324319185523089 0.16068525878079856 0.09538819220985287 0.057344412993606285 0.03473459792558012 0.021482831662676314 0.013454495812411796 0.023922739051360678
0.08240378567269485 0.14417996073843506 0.13721973915186186 0.11327767281038038 0.15985022282082423 0.09625750531052114 0.057489701602747134 0.03495415470206023 0.021982735801299228 0.013446723577241717 0.023956364221050852
0.08294192009648572 0.14496644042626533 0.13723932189059074 0.11367283512711238 0.1601131168350548 0.09546057689848818 0.057188543985356374 0.03461722273069421 0.021442298052082358 0.013528208978033314 0.023947777340958286
0.08358293316021916 0.14533482383916793 0.13771861832514082 0.11401701320313576 0.15931812587089042 0.09545665678165272 0.05676695247987902 0.03445898818111936 0.02144058986764856 0.013242171326947409 0.023515332751381755
0.08444666979881318 0.14600831970173778 0.1379986283649449 0.11381257333401221 0.15879842869285735 0.09501262687736771 0.05683800888831754 0.034295629889623556 0.0211888330270548 0.013132263619840464 0.023516054470607426
0.08447485438021075 0.14718980654698965 0.1388681984322826 0.11451861471606858 0.1593927863838519 0.0944073193270689 0.05526998710194959 0.03374551070488145 0.020817887266346608 0.013105611158573272 0.02281204671449246
0.08515334475512865 0.1480640554312436 0.13925746370413675 0.11466394542234405 0.1591690940904924 0.093721682315741 0.0551435029662702 0.03358375889148209 0.020752411784445004 0.012854692975752008 0.022688350164981552
0.08543015720722592 0.14892706815062365 0.13953806765452023 0.1141885442119668 0.15908396278001297 0.09326447871036615 0.055510711136819234 0.033377559750074434 0.02037986955883043 0.012718949574911875 0.022488073587314965
0.08563288105100474 0.14830944032028134 0.13978902257212167 0.11464530257211192 0.15871270759534797 0.0933626990179856 0.054990217382222734 0.03332772613080575 0.020598437365049488 0.012778746701412881 0.022433450120683138
0.08373393882943762 0.14524534629448785 0.13878432456016124 0.11354371400864309 0.15981662280200395 0.09473378816603059 0.05666474147525948 0.03391987882369374 0.021157233397638062 0.013429405878257911 0.02335148995659345
0.08350880300710296 0.14528320363424016 0.13743074494145605 0.11435668124028865 0.1608039018525377 0.0951908876123754 0.05688816101608283 0.03422080896020222 0.02115973925829448 0.013279163991605563 0.02317657342217954
0.08330104534511462 0.1447327126256649 0.13719018398986188 0.11401334651090236 0.1606709155451415 0.09537793599562061 0.05668278148741019 0.03472270613125802 0.021408101541773406 0.013530639064783436 0.02369798024685893
0.08239629266477867 0.1442556438268404 0.136560092135712 0.11374271078002084 0.1599342559112428 0.0955609891231448 0.057776475559905116 0.03542475139768823 0.02157067130873373 0.013782517602561935 0.02383940792276913
0.08200140924301375 0.14282018017335343 0.13599237394410393 0.1125893240607121 0.16104903675097135 0.09683011497846719 0.05776591457192569 0.03515852684379787 0.021689747022301097 0.013795608605083883 0.02463084089863423
0.08117614912306291 0.14164861914320157 0.13478741641731357 0.11355278929196468 0.16105993793735204 0.09674849507892527 0.05878641079059547 0.03579188656057058 0.022422283094289626 0.014041454384064664 0.024887427780942262
0.08081597882111774 0.14012569430307048 0.13572400091739287 0.11250750528226301 0.161335370481127 0.09728478598285599 0.058995439150758576 0.036023880476108334 0.022570098092106628 0.014402714679908528 0.025257038314389742
0.08064847564940408 0.1399331858688205 0.13521134385983796 0.11209631202048853 0.16067178489273215 0.09777598308821435 0.05921747617870125 0.03644598328633053 0.022673182437356255 0.014388161607793448 0.025608893979045047
0.0810332287672376 0.14005211706000803 0.13484698573054035 0.11292158283565605 0.16173186805378686 0.0972951288228905 0.05874177536020895 0.03604228345252678 0.02249471063150395 0.014361309344583278 0.0254291290849984
0.08106391722430295 0.14117935637538798 0.13557747293998562 0.11315385062764671 0.16084258472958743 0.0972382072273852 0.058431560002167586 0.0356639162318708 0.022675488931897393 0.014238638896857269 0.024881722240526566
0.08158620041150566 0.14290667789158448 0.13606175882284066 0.1133764061017731 0.16014682695549753 0.09650354901881993 0.05832253838265914 0.035304642548417635 0.021975216375701937 0.013732377813722801 0.024642402656717334
0.08265528710154191 0.14391123451224908 0.1361737070482015 0.11449072390406936 0.16100695082285008 0.09567668825385195 0.05731258135710212 0.0350670742900955 0.021696031671508628 0.013542259968541021 0.02380947566263815
0.08303731248481876 0.14441018156260396 0.13809877501360415 0.11391679194600465 0.16007852928701438 0.09536520225035558 0.056528943589075 0.03476134754919873 0.021205631901029687 0.013586069824426228 0.02383760726404716
0.08368050093696491 0.14596561398487393 0.13797884036307817 0.11404156750289918 0.16000361971663637 0.09505631189072132 0.05639359084370851 0.03422788999625265 0.021119423548868223 0.013224875044074769 0.02329747636220357
0.08313944549691353 0.14546935851407677 0.13878750347454727 0.11363399475888694 0.15979711827774315 0.09476761242770353 0.056403369664915555 0.03392806998390958 0.021291890958798854 0.013380300565019758 0.023434866867937068
0.08210197155195527 0.14252565593331726 0.13688163491915525 0.11343853271782582 0.16031879014721945 0.09649676075536091 0.05841254316874018 0.03483395507803042 0.021535213697658578 0.013585677292500422 0.02444440658409382
0.08212791687319214 0.14211319170521286 0.13534949564101886 0.11309243151697994 0.16121646354091873 0.09671841090795592 0.05853404245809227 0.035463946802680474 0.02211765327012831 0.013802737275702966 0.024753044554872042
0.08093423560214143 0.14162973857318992 0.13584419632383266 0.11326427636045652 0.16041593367277698 0.09720182812994452 0.058460019769452365 0.035674583792234225 0.02225081661772175 0.013888202126503659 0.02489262301089016
0.08082428265635923 0.1412734420484617 0.13455203245309405 0.11287289265835436 0.16148985850597608 0.09704796598237884 0.058571834065653666 0.03613315699401308 0.022372547481348617 0.01424151045695223 0.025280815565837802
0.07939937348559714 0.13944239854597112 0.13369412325493782 0.11293579659506998 0.16143431972009664 0.09778212440035987 0.059923980658596124 0.036608340579878065 0.022793745085407276 0.014204349867379196 0.025970468779524126
0.07904668303756258 0.137138816900954 0.13305017560939691 0.1123378973686981 0.16207176441450408 0.09890532081389182 0.060120170465001725 0.03725810720374859 0.023332008719831227 0.014792336702232125 0.026594644562850465
0.0786754227686917 0.13730396791039853 0.13290852867814631 0.11187157421525559 0.16243958403821845 0.0982936953322453 0.060682159315294366 0.037225256643318105 0.023288343919508177 0.014869902912712542 0.027011974271212776
0.07919521031693573 0.13704202159948503 0.13353256660522347 0.11205292515689817 0.1614074215879614 0.09841162855411213 0.06049125173609858 0.03742068064087518 0.02371243437606709 0.014938767554084095 0.026662930189939146
0.0787283693802145 0.13665260424650563 0.13301386903591705 0.11241439294570861 0.1624514844836174 0.0987385496628293 0.06044271275654999 0.037597759392543416 0.02333993534984926 0.014705262377003371 0.027007291463810222
0.07936346149574015 0.1371017431364699 0.133598177275747 0.11239721113692755 0.16169709145333863 0.0987334681567745 0.0599529642044669 0.03746494711078081 0.023194229601850264 0.014352770230794369 0.026742451117219956
0.08000807273495077 0.13912993378008318 0.13394780776228535 0.11249678861090927 0.16114560075936035 0.09880135013769249 0.05931154932417138 0.03686855946240681 0.022754219907531216 0.014158405878850162 0.026277605638516995
0.08065586195465674 0.14008337309302638 0.13522265984328394 0.11204710432389822 0.16207551234940773 0.09752513725002177 0.059027111219401004 0.03599814647777151 0.02249769646670001 0.01418018735251036 0.025272290193203508
0.08138324227147627 0.14105896849849034 0.13558830964714097 0.11284188347816447 0.16177391145569692 0.09643997349681928 0.05869056488228878 0.0356042924832803 0.022250421971129586 0.014160986029681525 0.024556560207500175
0.08226722266378111 0.14198117940763536 0.13537765327432782 0.11386530109211761 0.16043418803217557 0.09649238620340714 0.05818843052959163 0.03508331109194609 0.0220317475818705 0.013863800754065571 0.024477038118132396
0.08221207401164646 0.1425435125853395 0.13677733515716137 0.11385635923411581 0.15970649108913695 0.09699570953809365 0.05819614535805743 0.0348368131597146 0.021606453388704913 0.013594777152071887 0.024462978686518196
0.07958827918874244 0.13871537677596887 0.13398581452188946 0.11331273007473436 0.16169357058455636 0.09814150983130161 0.05941335737787235 0.03610063833940673 0.02277468940877185 0.014361595523754917 0.02594308000401129
0.07955369379173702 0.1393121657072674 0.13438216635741956 0.11267934628371158 0.16177505828036612 0.09765138542260882 0.059923900946791564 0.03668161940371283 0.02294295260587002 0.014497131745040678 0.025783635518671067
0.0795101786364581 0.13898471724445124 0.13355139523914988 0.11220883108243972 0.16184146538722988 0.09835887551096244 0.06002922450091638 0.037001187535635 0.023017192230681948 0.014631729853863492 0.025949681058717346
0.07860322398255748 0.13754525989376937 0.13326251128175476 0.1123091540448513 0.1627863734631579 0.09884570552629707 0.06018899751529992 0.037229870413768205 0.023183885024236957 0.014697447593159954 0.02668204385509964
0.07899641173555803 0.1359140064774803 0.13197061210680622 0.11146524628262501 0.16150995547295702 0.09966460300486617 0.061080241165970384 0.0375175282277201 0.023445387659063108 0.015056604463838072 0.027163940561472213
0.0775340509554411 0.13527006139714157 0.13106852757424306 0.11159868556871186 0.16194541307901436 0.10024229984320654 0.061757593207643374 0.03798865052584003 0.024127270168081638 0.01533912845049637 0.028146819118676954
0.07672716529745416 0.1339611001430279 0.13103209135981633 0.11125614926808244 0.1618643801670848 0.10050605031358395 0.06181230813159286 0.03898791849094801 0.024265506428811416 0.015562584723203928 0.028681001296466654
0.07679523094321496 0.13470028957591482 0.1308309999058378 0.11184331130811061 0.16182463885819362 0.09999233188125153 0.06205705486889728 0.03859718613719626 0.024120234494805746 0.015301093319553372 0.028887147624089657
0.07717537306342555 0.13355753271976525 0.13067685153184222 0.11169753433854336 0.16151543691154513 0.10049869626398956 0.06133430665632726 0.038879611471391365 0.024630048330743844 0.015903541975783437 0.028564033464134622
0.07757335989906654 0.13427885164924122 0.13070388956784493 0.11186283195336162 0.16226079447876735 0.10001933101041764 0.062000719152258014 0.03823011668692824 0.024111402726186896 0.015270819978871702 0.02810470799544449
0.07795924072005728 0.13630868668755283 0.1317679895336971 0.11163068108039297 0.16185359006475175 0.10015488095378872 0.06109318012923608 0.03774156065820451 0.02368032575557435 0.015021457625787148 0.027517298250686967
0.07947019583493549 0.1367033409945025 0.1325330516512125 0.11209278743652624 0.1615949263049014 0.0996730433111778 0.059884651261994146 0.03714169182829452 0.023373373258043492 0.014435791682686152 0.02675105487486681
0.07942930844321597 0.13864199210696135 0.13346450480539154 0.11319866379087755 0.16109888086596894 0.09833978377549882 0.05969402287818969 0.037095525582403255 0.023123182353808825 0.014637894954761093 0.0260380787132484
0.08010456988596404 0.1393815510082233 0.13432216024754107 0.11271728287462966 0.1614115413858202 0.09786099070019075 0.05907215535086328 0.03654512036355102 0.022639439987614366 0.014493058959315162 0.02589220231103858
0.0796245050484502 0.13872917239552462 0.13398866798116438 0.11324272843836082 0.16161589604130544 0.0980692617050067 0.059192196819711336 0.03618827506703564 0.022930651159885837 0.014391542959141268 0.0259325212435659
0.0787650075170365 0.1377205527847116 0.1315750428570383 0.11278805348049067 0.16120127700983677 0.0990973042523569 0.06041568756265482 0.03784615804770639 0.0232293615574061 0.01530012851294357 0.02673687665601476
0.07832096905687144 0.1364567542355088 0.13264127570600753 0.11165072416152852 0.1620805987429228 0.09981779608746144 0.060238107085892834 0.03755019792701462 0.02376902184785018 0.015096754432277001 0.0272085736901539
0.07751196178591115 0.1356126133180278 0.13165913002518229 0.11179577894680547 0.1626136753352576 0.09944578046463004 0.061222663175024734 0.0381140994898914 0.023791367393863252 0.01527645475519837 0.02731877018544259
0.07690166627596004 0.1347356974309836 0.13144991070121637 0.11169109283552742 0.16214588943332 0.0999522227087359 0.06117471781219367 0.03844552199773875 0.024447652212458093 0.015116408634912171 0.028106976981932607
0.07698220072054349 0.13392021359830036 0.13077885830055505 0.11087105818199015 0.1624720073083888 0.10037324150286696 0.061870312061182285 0.03811055915939362 0.024742769800380055 0.01542571032408166 0.028770220505163566
0.07622565337299378 0.13254196869743587 0.1301968688923737 0.11089744960096816 0.1616661031043343 0.10128054054898929 0.06218493897249234 0.039319008069621394 0.025125802010318103 0.015812531768749704 0.02971510097153521
0.07600385504887486 0.13177125676043092 0.12936758690633107 0.11112301569209107 0.1619917845329919 0.10114061897538107 0.06272832278164604 0.039471409923908005 0.025094590358971776 0.015865490831256365 0.030012321345835948
0.0760508505824744 0.13014642989334302 0.1288926104889692 0.11137890429031795 0.16283928231733355 0.10029036024828497 0.06346532772738983 0.039903696094769965 0.025074157805024 0.01638283640417687 0.030608997530735278
0.0759913717746155 0.13158596287183266 0.12962391152063193 0.11069346524160432 0.16210112321939654 0.10143413132019838 0.06335066535543449 0.039244500283499 0.025031316294358976 0.016060258151149965 0.03009925192854589
0.07638962316188382 0.13304562090181438 0.12935399574532003 0.11078342894974307 0.16223358476517227 0.10049502872806602 0.06326867299262691 0.0393570431509231 0.024679531131892953 0.015878359075215082 0.029418062544876056
0.07718476198534088 0.13429687112212596 0.13121653693086086 0.11082198500133142 0.1614995502382909 0.10046651688876829 0.062272553050961695 0.038875670799825866 0.024484609421931328 0.015746258678447124 0.028334302240003304
0.07781549683685855 0.1344172118815826 0.13105589516272334 0.11176330042714558 0.16229111772226928 0.09983314856146228 0.06125767548122966 0.038300807272831854 0.02398773952261172 0.015322055174957296 0.028014586625632703
0.078071048657508 0.13526286605581725 0.13252880967380476 0.11200058403346086 0.16187851966841987 0.0995196883732396 0.060409278357092845 0.03774426194262524 0.02359247770053589 0.015331926335081498 0.027645911532062573
0.07805278430373339 0.1367843704099346 0.1317615450230174 0.11239650888796107 0.16113990714535179 0.09985108638295301 0.06108815776408862 0.037424695424195326 0.023758538677396614 0.01484939051902044 0.027205534584429536
0.07912137362569388 0.13709852931428765 0.1326847839906064 0.11199647511440515 0.16146381755819225 0.09880116105471375 0.060330905697998115 0.037747636107205225 0.02351902678121662 0.015096057180449105 0.026786450283736905
0.07770942891673774 0.13373103751779397 0.12943474212214137 0.11178527751650026 0.16229265075800972 0.10056635198630436 0.061213752686059025 0.03860263556230943 0.024412496950766412 0.015745793050222463 0.028450365957524402
0.07659639945641458 0.13398437292917123 0.13100101387739538 0.11129285641300199 0.1619636451458611 0.09990954707282773 0.06185752607949937 0.03878185000480718 0.02443350849508159 0.015755578470926776 0.028492346072307353
0.0765095584968401 0.13340886207146485 0.1308069564000648 0.11108488045639434 0.1616444315041238 0.100117673196538 0.06189861954061068 0.03896081638636148 0.024684160320701524 0.0158833554531553 0.029314060861632792
0.0758118495157207 0.13296162262182173 0.12992147833906045 0.11067872566143044 0.16166054627654047 0.10112001154754743 0.06308854535576065 0.03948532056905408 0.024616904083872206 0.01577385945255522 0.029560019084644947
0.07501747067322243 0.13249640954132968 0.12887220068029068 0.11012787072477867 0.16150123729576313 0.10189733427738212 0.06327969038980749 0.03948492643424249 0.025472040485071807 0.016464343636861806 0.030306073027859065
0.07473566208399401 0.13003950761704247 0.12829508818250765 0.11003796394946107 0.16209094777600488 0.10253394789053975 0.0639324544729703 0.039869037990470105 0.02550151517059262 0.016609652862383785 0.031069981657664763
0.07500763839062112 0.1293295496908936 0.12797703681672998 0.1096249901470965 0.1625558428072004 0.10156691381713769 0.0638510993495046 0.040484542778349376 0.025851521591489294 0.016764224235032564 0.031449494812465194
0.07451299919566133 0.12896913625851897 0.12742444648899615 0.110206571503532 0.1623970903859635 0.10175603617960835 0.0638399661470535 0.040651474618005314 0.02635650655005806 0.01667587521697293 0.03177026417062933
0.07480631866081777 0.1294033302932795 0.12709750694563027 0.11064647908047334 0.1625870557542539 0.10138104228770665 0.0641082937344786 0.040774215729492504 0.02573524250639635 0.01660119099585557 0.031536997666602555
0.0751129639716218 0.1300063004429054 0.1285646198719679 0.1107671909760008 0.16193625432960065 0.10102099293357751 0.06320652956279584 0.04028329820306717 0.025744594401078298 0.01680868391076592 0.030631353679559586
0.07496472931593824 0.13076890584642234 0.12976950486819297 0.11006952686083768 0.16225422796521263 0.10153242028355496 0.06338212189976472 0.03971548174747762 0.025704681922484467 0.01621678927687519 0.030348550561251297
0.07593544846328203 0.13173479138478406 0.12968409047406582 0.11111139941734742 0.1625737361632606 0.10134917100494234 0.06233779487454448 0.039408448950339195 0.02498496776635387 0.015833753812524512 0.029221024245534997
0.07717406666113302 0.13340239334944096 0.1304481257583575 0.11165096740902264 0.1622042110376093 0.09990410829322653 0.062113867469102246 0.038629223617704156 0.024619421913372075 0.015784203137577838 0.02884053466118042
0.07647000057102601 0.13407227412879996 0.13053866742002126 0.11107636393414799 0.16142273499147972 0.1006240880790713 0.06267104014592424 0.038763933879322185 0.024181319891843002 0.015822159722267214 0.028751083812045088
0.07757614845363277 0.13394715971762516 0.12959326278696248 0.11137850855958784 0.1627656428364735 0.10035046477439936 0.06132038520303727 0.03843875648538576 0.02467086776054768 0.015608308118141666 0.028466586316750944
0.07570766429321797 0.13168196661127213 0.12920009639652494 0.11059878910739233 0.1619236136370265 0.1014217261523161 0.06313378584832928 0.0393433517354923 0.025401183531445347 0.015908368181042295 0.02981396191588488
0.07587570740938986 0.1320183058041482 0.12899698987139208 0.11026271156173208 0.16199119151737024 0.10098209733517716 0.06325280288159858 0.03945702042388355 0.025186334136161902 0.016237404654583395 0.02985119811645309
0.07507604801277643 0.13090724106556334 0.1291609218248186 0.11086645743680996 0.16230371399896348 0.10112503769112412 0.06340975425692247 0.03978312169195166 0.0251350402382852 0.016421090871885195 0.030201505199394144
0.0749053317140403 0.13015769472618904 0.12803739430561323 0.10950609324391912 0.16265398622187188 0.10198717379074447 0.06431476773407009 0.04021247978886632 0.02553424089296837 0.01644822536579627 0.030881895672455695
0.07424146702386 0.12928897306466383 0.1278152524577979 0.10925178619303728 0.16309205032178087 0.10240301519153623 0.06374590139905567 0.040704097544193484 0.025927866540080315 0.016623224786007484 0.03143590778695407
0.07394460939222407 0.12820432198891485 0.12728544293185085 0.1099749397583392 0.16255848218701557 0.10242237620311374 0.06441451760831891 0.040656220788136174 0.026076309903760975 0.01710848944625858 0.0319775711768287
0.07334949746606335 0.12728800553656905 0.12678710901969265 0.10942496685324789 0.16265005300850124 0.10255040222384335 0.06505717659851173 0.041221890951153875 0.026495833068366233 0.01717324010871178 0.03249167882475185
0.07281088333475418 0.1271387479145343 0.12679823607842225 0.10897057535969877 0.16245236125277707 0.10258462253292956 0.06565746290121685 0.04144588789287429 0.026579614984946636 0.01717714887537606 0.03327143104985542
0.07338667878366877 0.12722897150506118 0.12673251252356002 0.10940913565652183 0.16216841887713648 0.1029007876616953 0.06512105958426766 0.04138673112947238 0.026456845184780888 0.01723746742399355 0.03292002678761165
0.07388008145732086 0.12811252253209243 0.1264691855876994 0.1096889345360577 0.16255010857893556 0.10278373223983132 0.06452062073808658 0.0412538480547929 0.02642200825051834 0.016924249458533817 0.032195912550682354
0.07404648104652174 0.12842794514311534 0.12776432586005732 0.10957122727642618 0.1629310267976782 0.10260738694799425 0.06410643130114119 0.04039132919501604 0.026321408530364708 0.016609269593733 0.03145895103097929
0.0746960615413846 0.13043710814487244 0.12862543498254092 0.11073755423742637 0.16202531959675062 0.10162704456015693 0.06326508184827664 0.03991186715413072 0.02558982664235828 0.016575151409330347 0.03128492303267967
0.07547470393272904 0.1307785492431189 0.1293227457092436 0.11058999771854233 0.16187140276424475 0.10141819170560161 0.06338145253473827 0.03992980979434917 0.025557523385604294 0.01637336164973236 0.030215316863749876
0.07542836473158386 0.1313038591213109 0.12925636061106635 0.11083096442103138 0.1623157416203986 0.10156216926889294 0.06280852835032075 0.03980243756639393 0.025256931339509604 0.01625221782451137 0.029658622058013086
0.0755631558006696 0.13212829142733348 0.12892480853316127 0.11049244662349399 0.16229987147896585 0.10113799106981049 0.06305724798261389 0.03953231889627579 0.025437724493114922 0.01583546991236669 0.029801602755860433
0.07499052217008828 0.12856437147056968 0.12817434138594402 0.11095419651060849 0.1626120895412091 0.10196162673801144 0.0633060135426393 0.04067652107281374 0.02570239746588566 0.01655798417116898 0.0312201025885881
0.07456843959864749 0.1297687205995222 0.12691439601230747 0.10977037986914027 0.16188167749885768 0.1024739043687474 0.06394358911894096 0.04047072358075859 0.02586247804466583 0.01665638994650503 0.031622523745640146
0.07447453462624644 0.129058253390037 0.12772958166944953 0.10938235893379437 0.16223865335184248 0.10241534147998292 0.06435020867653901 0.04063718627772067 0.02608886411747413 0.016716193182020347 0.03167365346121886
0.07360431280188494 0.12804429489151686 0.12689656018368076 0.10972245984655 0.16275996729731446 0.10256214578546313 0.06433561783223148 0.04089858807167496 0.026409800479002044 0.01687965542795485 0.03218208075833291
0.07399982703420671 0.12731153884178847 0.12670878850453546 0.10914011425469756 0.16210081615193475 0.10250582058584398 0.06497210550700573 0.040978975413893566 0.02671464914038145 0.017450573298019356 0.03297318112735444
0.07289515618497204 0.1264630744142611 0.12569828146846232 0.1094538609292924 0.16282552879642875 0.10316745970138236 0.06496075019949614 0.041457846332128956 0.02679028614356425 0.017612906447960035 0.03334416372101731
0.07211132103981054 0.12606627677192975 0.12538770510028635 0.1088389215357238 0.1620254235647795 0.10363247815298958 0.06604592942009646 0.04180762341739556 0.026994712151168266 0.01787412190093394 0.03412099557786611
0.07240804282636666 0.12548124420549112 0.1251896081038428 0.10897461087481443 0.1622213702687348 0.10423880991242034 0.0657603929861198 0.04175501937145327 0.027454240982155764 0.01774296491914364 0.034216033805902324
0.0726904130586273 0.12591833136911607 0.1256376840039055 0.10878739011623477 0.16230876402601843 0.10324820452846184 0.06552869465075606 0.04219349847795946 0.026973417881326227 0.017630134300128025 0.0342623945602454
0.07319863236730459 0.12699636458501345 0.1251622599939927 0.10932619481139534 0.16255960726921187 0.10319261725221987 0.06549944128664381 0.04138917613246785 0.02672402967592569 0.017548031576331627 0.03337295583941774
0.07349535684731485 0.12699589779462547 0.12672789465326834 0.1092142403721987 0.16187110522107281 0.10297462574380285 0.06491949060959813 0.04133991730149366 0.02640045181606483 0.017080409350239165 0.03278719562061194
0.073185250953293 0.1279323994589638 0.1268265411705023 0.10979082132853127 0.16254019416856655 0.10299277566111341 0.06482306802105829 0.04088499168520396 0.0261844772312506 0.017064375575454604 0.03224599493356143
0.07419760915990198 0.12904430475179215 0.12780475540678815 0.11001153508597465 0.16232523764247705 0.1024510695879696 0.06422377221024832 0.040401825293376464 0.026052519703500733 0.016887831814911502 0.03148954214235146
0.07427548745830351 0.1286537839474044 0.12718729560245293 0.11043226308011242 0.16224393580840477 0.10238029364551471 0.0641296227509983 0.04071325976368962 0.025880473797555925 0.01697604947130613 0.031329716546247506
0.0744280463448596 0.12910014062028916 0.12818512519873174 0.11064486352288495 0.16288839917882333 0.10165294459202324 0.06349744557900974 0.040692002301790466 0.025664949947756376 0.016526747757740694 0.031178025415724953
0.07349668666524783 0.1273707300106319 0.12630648581410983 0.11010215483993935 0.16267393232916644 0.10375418457580765 0.06484881084556163 0.0412710548334286 0.026341688563227696 0.01705963928560655 0.03218811448241815
0.07351088892939109 0.12752021757169762 0.12682294693358512 0.109291483692248 0.16220146647734374 0.10330815777421426 0.06471522439631013 0.040891549265419214 0.02638734534518211 0.016936346525818873 0.032673999506899164
0.07336676881167484 0.1270063025986013 0.1261364144251268 0.10909968844529962 0.1617408264937204 0.10355700034363093 0.06510613695987813 0.04150795533936383 0.02664502815201689 0.01711849443599726 0.032890533244141706
0.07327055057266871 0.12646104525254084 0.1266280454343905 0.1087657331321175 0.1623008276662804 0.10340969119505156 0.0649613862485659 0.04142720333434215 0.026899923403158676 0.01722463289281871 0.033336235689160124
0.07246188167748056 0.1256836987516793 0.12485591516865847 0.10935633032384708 0.16226110883594194 0.10346781025563741 0.0657889342177569 0.04223462752531281 0.02707514640922304 0.017593617614654628 0.034091169270993434
0.07140275049523087 0.12519249631980214 0.12470996527896883 0.10850434142701143 0.16270208660246868 0.10370930732293882 0.0658242756996051 0.04234871586183237 0.027204029502799917 0.018204740065692667 0.034775296651686965
0.07167541070337537 0.12452757771125358 0.12437627046921484 0.10831095602948439 0.16183032914496234 0.10466378997824512 0.06610327553117545 0.04280379965369369 0.027684919567680613 0.018187791787767908 0.035270406946093395
0.07160906815370109 0.12425209831314862 0.12431050129324901 0.10841624775168568 0.16222349708527195 0.10463276840045922 0.06598259449657318 0.04262457380605802 0.02746181626619613 0.01785997758270003 0.03540432897865506
0.07168150474210169 0.12493496456300776 0.12461395228365642 0.10902485314591913 0.16233142001332249 0.10372140608775982 0.06574514608337634 0.04256119410299041 0.027377648541603947 0.017963230647803974 0.03533871827002405
0.07175506196539999 0.12482647598710925 0.12494941310903937 0.10890710200811458 0.1622667684554695 0.10383801562276813 0.06610743282680646 0.04223734224784731 0.027417855714962157 0.017867932587077057 0.03469574833975837
0.07230241596270764 0.12603517838594833 0.12558218073220961 0.10870359168540586 0.16260916896410568 0.10369416444382276 0.06544103288374085 0.04177755283800199 0.027029742870815665 0.017491263775836704 0.03398480221162945
0.07319504530580627 0.1266217023847448 0.1256276786417927 0.10976160102309852 0.16278281983664156 0.10306914191572634 0.0649748484185121 0.041275799634732026 0.026709792695519215 0.017266895209899453 0.03304706533745024
0.07348464133205986 0.1268470885221528 0.12615899358876823 0.1093686235939021 0.16268119350155152 0.10280103322081688 0.06525528775762106 0.04148567861970804 0.026501898667425788 0.017318037510435494 0.03300809193036034
0.07339791683579829 0.1275491977424621 0.12664696522295563 0.10989066667853466 0.16309313712904938 0.10245901752919843 0.06496114170189216 0.041450197957261146 0.026683850943625922 0.016921489002032664 0.03229246465857538
0.07322967761742721 0.12741709121809092 0.12647735798849458 0.11018506885810023 0.1623421521599077 0.10392789162643336 0.06479490631319236 0.04114810534650531 0.026260473724449042 0.01714551519101074 0.03220681278577768
0.07272714046876295 0.1263665169332229 0.12510227316452807 0.10849914170037904 0.16252124433118148 0.10352433672512992 0.06603469653551458 0.041590378873694905 0.02722124433083278 0.01742717690654229 0.03343416089096698
0.07330780036832003 0.12620932269563573 0.12593788554163446 0.10925161176833519 0.1618590612410362 0.1034307781812029 0.06538326430704698 0.04123870129246032 0.027184880784112367 0.01738940725810016 0.03341995401941484
0.07272101637622565 0.12567062415298208 0.12549595592699567 0.10843360807182559 0.1615746692467211 0.1042820361768059 0.0656470471095642 0.04200725053913231 0.027182055489754026 0.017649320975634635 0.033884556850605346
0.07233746828330194 0.12493794730899212 0.12580725842646362 0.10881955228170188 0.1627348638032295 0.10378243824982344 0.06567276137948093 0.041976328489218076 0.02731619580920436 0.017573162328707308 0.03439760104016411
0.07106660394156002 0.12416017086768612 0.12446541400052732 0.10870807882014502 0.1625534155374608 0.1041227930446336 0.06680813848477159 0.0425808702224745 0.027427046581434654 0.017900065210415587 0.034917784263772754
0.07116511146442822 0.12408983247983836 0.12404848875990067 0.1081006060469198 0.162112655522981 0.10491691412668883 0.0666926593415241 0.0428090511313207 0.027810923547947633 0.018189496355279135 0.03567960049579729
0.07107161683573178 0.12309526038208474 0.12433404912836991 0.10832750614820327 0.1619466092368595 0.10471998591241069 0.06661420410460958 0.04291631648598037 0.028161663949719345 0.018053121224127215 0.03631683880210067
0.07134047237191077 0.12262241934654047 0.12418197713574146 0.10815826665517707 0.1623745904605783 0.10428787253690366 0.0662631797031497 0.04324008648027314 0.027948402064354852 0.018407055550260797 0.03653035105640508
0.07113487176121097 0.1236315617614265 0.12315090510613713 0.10799420357618343 0.1626677478030616 0.10410669237992677 0.06679542071746622 0.04311481205251337 0.027983557804253774 0.01818905411913144 0.03644250706696103
0.07142692130912974 0.12361498218437461 0.12401912594517156 0.10839322686036121 0.16240407327544126 0.10409893301302085 0.06694437866889712 0.04282993182577947 0.027688508668346885 0.018161847915790647 0.035454216731081574
0.07169961900230318 0.12414554054255938 0.12414489185823388 0.10859474632794132 0.1621143189857851 0.10446796913154405 0.06655695756692542 0.04251741081048689 0.02771303308082323 0.017985090456700777 0.03487619655698888
0.07220998090882402 0.1256054981702269 0.12469004939953998 0.10861031749569539 0.16270960901915094 0.1036105108878357 0.06575777572881894 0.04204270346349151 0.0271579328965038 0.01779964661707891 0.034304856524888676
0.07259382457383484 0.12552333533242344 0.12600816720268265 0.108360222852845 0.16183891143077428 0.10341757370271182 0.06553263576321364 0.04214301648238 0.027144521867157413 0.01757716827661398 0.03415506721793426
0.07282602579012969 0.12625823214294732 0.12652541348502555 0.10868986751898452 0.16243081229386416 0.10299027090721442 0.06555202701203891 0.041592352916371235 0.0268594844364649 0.017346880487001688 0.0336833406569155
0.07288166254396933 0.12624934247088607 0.12501328869777031 0.10883298253663169 0.1622096082983385 0.10373695200400344 0.06574414292772988 0.041761170832676754 0.027172064172415744 0.01738298483038504 0.03354218303457274
0.07280555681536645 0.12519487892803183 0.12445938529036972 0.10888224268249456 0.16169375617695106 0.10328434373392348 0.06578846443371975 0.04215632662266926 0.027446580212016798 0.017916417355424333 0.034920351282758534
0.07189356333816775 0.12513844502680818 0.1249000375886849 0.10838570224055624 0.16287101629347953 0.10377037764521295 0.06609066223663108 0.04224923838843589 0.027512497779530624 0.017857224909045646 0.03456049415434533
0.07218529443316314 0.12504066646277073 0.12457091212130271 0.10808013164865904 0.16197701088116787 0.10446303822527216 0.0659519129095826 0.04267507187781669 0.02777247815190844 0.017869255317197325 0.034693411097160204
0.07117132077789341 0.12380018967286965 0.12378894611716916 0.10808185638112884 0.16294110389536487 0.10410223262649083 0.06668954069309961 0.042715314260562146 0.02766542133068635 0.018236760074310084 0.03570521559086061
0.07065025777164725 0.12302092121037045 0.12340469030465241 0.1085599080682868 0.16207946341660015 0.10518641877820084 0.06654519037937699 0.042917149463572946 0.027750710062471574 0.018456069707921255 0.03628710547401018
0.07106972912382845 0.12244361652679142 0.12280499397507719 0.10828894418397933 0.162511126218403 0.10535732568905824 0.06711800398126386 0.04333462654595049 0.027971573937038408 0.018397894771908157 0.03677770946416158
0.07058204837792076 0.12201069904633739 0.12302036367598577 0.10811246283818968 0.16285138221621231 0.10460019923059591 0.0669515244122576 0.04375895205375775 0.028514609486070586 0.018510060808723316 0.03713742427416075
0.07013793759405935 0.12187010998587197 0.12274190928866635 0.107266703105137 0.16245894689445806 0.10466244581915382 0.06742218350715304 0.04383043075382139 0.028687067871197514 0.018726813040057307 0.037269646424184004
0.07088171040375296 0.12201123678208746 0.12247055994428756 0.10812780865746115 0.16248188830253335 0.10491593395713161 0.06710911782895844 0.04357394534888366 0.028392604680015303 0.01864562665322868 0.03712472298875963
0.0709331266958198 0.12237342956995384 0.12287476628843681 0.10787241123418553 0.16256614210528536 0.10441079145922633 0.06675142800136896 0.043376280274471705 0.028417923381711976 0.018615467088380334 0.03680780913848098
0.07096857107158601 0.12351410672841667 0.12442743120548981 0.10799330549186335 0.16216128303060012 0.10431795968773212 0.0667180997252446 0.04294706200420871 0.028001640760415607 0.018545307111108602 0.03569535634033202
0.07169612447409911 0.12340553545381544 0.12385690349156674 0.10840273182592045 0.16210460029019577 0.10404941244695633 0.06687684349058166 0.04250181539000847 0.02800203029782975 0.018076869582451513 0.035993785375886135
0.07143585643024791 0.124705703398683 0.12460173034165278 0.10836602074890019 0.16199743779742148 0.10438334359308257 0.06583039664295469 0.04242422571239452 0.027540080776261047 0.017800066138481865 0.035027555049541144
0.07171839527738826 0.12528434446913655 0.12487344231169314 0.10805781792242787 0.16225626013350683 0.10430678571416996 0.06607681443828878 0.04207671771523857 0.027340080589667123 0.018030439887870987 0.03458858603529632
0.07233266780283475 0.12534743841345528 0.12472270827292932 0.108469197332967 0.16192085402070935 0.10341332522430165 0.06576106917332995 0.04204118206951703 0.027440087240243088 0.0179255042800612 0.03486025582197124
0.07165342318989618 0.12311499568445114 0.12395784002965486 0.10794477558708027 0.16284511380188518 0.10430550024342694 0.06672041255573197 0.043087308294916686 0.027643829680455805 0.018081649203584637 0.03593712210481929
0.07098221697894266 0.12368586667118336 0.12394259378031933 0.10757821212711131 0.1627759808642249 0.10545929204610516 0.06626119496227192 0.04277245633207209 0.0278737486767761 0.018041113819548253 0.03586639297401631
0.07131619532422533 0.12380302481891561 0.12362906017761688 0.10765667278263696 0.16266208151819636 0.10506120255975883 0.06633226426480128 0.04284995818964246 0.028001267030898686 0.018169455663188342 0.03586235147955705
0.07108471488002434 0.12302007660065604 0.1229566457279112 0.10733517605551998 0.1623628057008723 0.10450964223757257 0.06689185328744171 0.04322672757826925 0.02845223751802842 0.0184721554488186 0.036569543733052386
0.07072760087009967 0.12247881485128889 0.12243869301447423 0.10796766269824576 0.16252151869496692 0.10549280427983232 0.066808008255329 0.04342453231321451 0.028079716709247658 0.018574731050549017 0.036832450999605394
0.07001568930364428 0.12103260413463073 0.12209769406368035 0.10777242854605062 0.16279676788060923 0.10514103281923286 0.06802702897969232 0.04407311286886749 0.028488919449962603 0.018656516316640507 0.03779782537222631
0.06976166193353144 0.12068506445775112 0.12166648320633455 0.1077479852314966 0.16249300191223337 0.105484808335456 0.06802126132895393 0.04402891251614254 0.02888776276428968 0.01901287481250734 0.03844726292340229
0.06934376487969042 0.12119495714758156 0.12215093999632817 0.10723461028309296 0.16195932656666406 0.10577860872040078 0.06794023243826625 0.04390016011534501 0.02921312173982487 0.01893943416511886 0.03792827509152373
0.06987613930660763 0.12133607739971597 0.12177544537949686 0.10740072861851452 0.1627263607926654 0.10484104670387442 0.06814109027415248 0.0439367309650103 0.028850509808217212 0.019031610300226008 0.03837172146561975
0.06978690211279606 0.12171966532137259 0.12199223723878626 0.10757970856685306 0.1623437406627853 0.10520617391011693 0.06744114962678498 0.043883424860812655 0.02874111021392575 0.01901288871147008 0.03763338242947001
0.07046074357568521 0.12249506831609276 0.12350713912509484 0.10773436762082221 0.16252337136785397 0.10461181378172077 0.06715206231056088 0.04325591714755338 0.028613391999815344 0.018701435598530804 0.036877086144919836
0.07120525016193292 0.12234215312516765 0.12308332618896273 0.10783860078454745 0.16188146236409395 0.1047999559021586 0.06707828829614396 0.04356820954787169 0.028406516378417773 0.018622807912041336 0.036515107971269015
0.0713792709282095 0.12303727658409504 0.12421501614822737 0.10811717242781986 0.16176155715169488 0.10461338799904274 0.06648481622210209 0.04240102731071185 0.02799778676653244 0.018307457163135452 0.03627549225432583
0.07125499291879529 0.12376643154906297 0.12370849895810675 0.10796650692630595 0.161814974940982 0.10476933643897726 0.06713450461522161 0.042372507521379124 0.028040007585843324 0.01824199898229645 0.03608574849883401
0.07136575774747188 0.12312328182774031 0.12380930705733917 0.10814022504190188 0.16284596057104914 0.10449984071813381 0.06668919953497264 0.04267832120106725 0.027761537556636757 0.018145720495340096 0.03591903907362459
0.0706816715343103 0.12205208137605057 0.12289169296370023 0.1077814253958284 0.16256657208312522 0.10468113568303997 0.06802713987683782 0.04333834824182493 0.02826927183974127 0.01835609500524051 0.03702115805481511
0.07059316105262202 0.12230470788438147 0.1231841370080494 0.10766131643748653 0.16250934847783774 0.10470742627595163 0.0667264159093255 0.0437748546256581 0.028422988589056997 0.01847338397863249 0.03664869547223989
0.07028142430310595 0.12162467975393575 0.12298647849222333 0.10821146009139265 0.1624973133880658 0.10476125792022735 0.06701302694674426 0.04388325825358271 0.02844156910187293 0.018416621268012624 0.037108670811287124
0.07041989090883881 0.12192505162110383 0.12308350875596531 0.10724815636648283 0.16134403161252542 0.10482111749430269 0.0679995184046879 0.0436527960664181 0.028900197018410317 0.018870207258367036 0.037436376250993164
0.06948231014967363 0.12081561367603215 0.12151267845671138 0.10813817551520537 0.16318678092048133 0.10574002381618895 0.06768161568817406 0.04389460682838683 0.02868149453656309 0.019131779734164543 0.037597114401660234
0.06913246953861955 0.12011792367450139 0.12174276256169096 0.10716648498768234 0.16286995114330344 0.10541740666107294 0.06812076876411963 0.04457733275811742 0.029089593327392593 0.018948011850425144 0.038503045142557896
0.06824694203942375 0.12005892624651386 0.12155514474221686 0.10725786377964946 0.1626068147405152 0.10582203577652391 0.06814968668088797 0.044629397986239994 0.029506250314551834 0.019245680497449937 0.0389217699737977
0.06918710135916906 0.12011940889217725 0.12131703282338265 0.10708991035184229 0.16151364786273018 0.1060794743577058 0.0687110539688247 0.04452558405867279 0.029153100974285983 0.019414492636090398 0.03930367840089569
0.06898135531568775 0.12066905572806717 0.1214309200752466 0.10758793688771313 0.16224277024136166 0.105642234722436 0.06838008766463981 0.04462846025173188 0.02892362780584797 0.019314605067114368 0.03897403969325908
0.06964183553589916 0.12120272955652026 0.12190477756888063 0.10729526158589335 0.1618880295254877 0.10576951979311235 0.06811320524660323 0.04408002730013754 0.028991271653330042 0.019093719645871265 0.03806761580280064
0.07028429514735467 0.12140729994398858 0.12205674518564659 0.1075438876493645 0.1621995504388403 0.10452535146016297 0.06778294974526994 0.04391743128806264 0.028751479271778166 0.018661078551275856 0.03758729280786841
0.07054158189604336 0.12165746325874438 0.12210126846053547 0.10783836098740114 0.16213136427660738 0.10532165370028537 0.0673326205410793 0.04372432579259394 0.0285593891168144 0.018656059476074235 0.03739347480983817
0.0706591682245103 0.12216888601230812 0.12312682841759441 0.1078935245566154 0.1621860349367617 0.10476512339580572 0.06711234460383828 0.042962100704965256 0.028330575058890684 0.018695367699209306 0.03707293873234153
0.07094153814276886 0.12193320846000345 0.12315247709094362 0.10790334108989258 0.16242158267177909 0.10511585826937454 0.06689821326838204 0.042739168823772974 0.028522488703162506 0.019034209122550064 0.036826462713197686
0.07045327174605333 0.1219462719626911 0.12279063342132185 0.10780175338883666 0.16266671776838182 0.10454760509309584 0.0682692745832188 0.043290747513300414 0.028332716921685958 0.01839879174137664 0.036936029306185454
0.06975643143659438 0.12145049122595923 0.12221589163499462 0.10735369769600939 0.16286108555970147 0.10519184718043344 0.06730554556093038 0.043851209341352344 0.028700802788910736 0.018986734017958782 0.03760596868227922
0.06976709842321505 0.12178218791600298 0.12237783728021136 0.10758802974750929 0.16262804738588438 0.10484292018696355 0.06740403973140896 0.04353660692962165 0.0287817267691107 0.018686318662064404 0.03772427560603343
0.06993649334199124 0.12123020939071165 0.12241563004037678 0.10703805425867913 0.1620161720626407 0.10535059235279311 0.06798006049218754 0.044049165282006114 0.028669934367325813 0.018967900499733247 0.038102390931200554
0.06969600914291885 0.12078826925457685 0.12206670276381142 0.10749689101095711 0.16283874462838435 0.10549874500977141 0.06770792752345751 0.04394073757556 0.028929703425434026 0.01899594692061123 0.03812847047952817
0.06977948940765935 0.12069929722312048 0.12196375792168852 0.1069009731955126 0.1619615601170343 0.10585487214621365 0.06806121268337391 0.04373539579108221 0.029180303767871233 0.019262184618871983 0.038575585069591
0.0685493543891231 0.11955210316092757 0.12200048472634868 0.10645505992813573 0.1628979029618671 0.10583547141605555 0.068446764245331 0.04453692556401585 0.029192082087128403 0.019207352988767468 0.039214833266293936
0.06921899406051298 0.1194091020823794 0.12116834386521155 0.10687744301077727 0.16282635683434454 0.10614345135745928 0.06859731338880987 0.044938454773298456 0.02938189921466706 0.01931165878222561 0.03896067244993908
0.06882719583076916 0.11961018062973415 0.12108794289003884 0.10613301854929527 0.1622078613836854 0.10654009638853562 0.06898245667560565 0.04485650616621452 0.029259433717656512 0.01910147628090728 0.03960915944312942
0.06882389257629706 0.1197560565183195 0.12068032692092068 0.10717481096426153 0.16231752612243563 0.10591660642920242 0.06868956494529764 0.0446601246522329 0.029672897610924134 0.01941160267883925 0.039856533332216434
0.06944687902919332 0.1205940019315327 0.1206834878158478 0.10716455842417966 0.1620300188774639 0.10572513475681987 0.06825985453051156 0.04472159160632307 0.029358419892563173 0.019207425702544557 0.03920817624541023
0.06894030948696413 0.12052333801057383 0.12159233910157126 0.10707022378966899 0.16244371054255427 0.10558499212844272 0.06803991570071773 0.04438021539936037 0.029151344064713005 0.019417969513361166 0.038665328889804874
0.07002523524981409 0.12023998264765576 0.12171965903356688 0.10715875308387698 0.16300116765820066 0.10572717158189787 0.06786746011410931 0.04387536005265075 0.02897778831684795 0.01903604373632713 0.03815026035467536
0.0698891261546118 0.12086981520942834 0.12185695894889009 0.10707017639934885 0.1626245666571376 0.10510907188699019 0.06858571910997267 0.044071014904137985 0.02870097212750819 0.019138426381693656 0.03774238004467809
0.06979027414333017 0.12157495419380888 0.12240399014931373 0.10740262472258394 0.16276127242252356 0.10498794167292433 0.06777971460240055 0.04372427048530008 0.028523084075944755 0.019091463424975228 0.037551409335999666
0.06992866083353311 0.12134964244159699 0.12194772256750117 0.10819748820794113 0.16196268561218985 0.10532181578301647 0.06780059966823539 0.043513240996131734 0.02854610062445675 0.018990623045561938 0.037542264802118135
0.06986 0.121342 0.121072 0.106756 0.162786 0.105576 0.068226 0.044242 0.028836 0.01899 0.038702
0.06974941364367228 0.12074184185384064 0.12220661314416294 0.10754676146534392 0.1619869168956169 0.10510847062048584 0.06741776166888858 0.04441071584725004 0.028906059530589296 0.019411118947650484 0.03879583095590597
0.06936198803718652 0.1206447234952412 0.12176983099648228 0.1069186584688358 0.16197657685668465 0.10557722457188064 0.06872695056483817 0.04484776666748668 0.028890075433814763 0.01924332392711322 0.03827495682522112
0.06937040313828954 0.12006495199134633 0.12155825145160316 0.10701434477766335 0.16333571812187608 0.10477095202215395 0.06854430365302919 0.044379990071659825 0.02900050784243345 0.019251218015077853 0.038574095352172745
0.06934029222584563 0.11954516043852018 0.12146251324112892 0.1070071205024004 0.16096532762384885 0.10619902116220638 0.06852480321023356 0.044799137080093324 0.029057521539754636 0.019053929216033837 0.0396319829490619
0.06903426730248412 0.11926246273931958 0.12104139570592067 0.10669587572349933 0.1629016722822165 0.10554098436753927 0.0689897229004869 0.04454323696973165 0.029376069252450537 0.019757818284845505 0.0393839109511908
0.06861105922257033 0.11894173230708488 0.12057392384774972 0.10701200453518558 0.16241711833545683 0.10609214649027846 0.06877137802037107 0.04504497009162691 0.02970382001180559 0.01946905454830045 0.03975356831545118
0.069166 0.118922 0.119876 0.105982 0.16241 0.106682 0.068702 0.04522 0.029942 0.020154 0.03999
0.06874643587784059 0.11890186347570803 0.11981670275908 0.10575046898020586 0.16313624111047237 0.10657128787391748 0.0695083969609239 0.04517334748425472 0.02958757999280034 0.01961441961314619 0.039939954121785484
0.0688472413428049 0.11901448862614965 0.1205560119944236 0.10652957444810776 0.1623967863229713 0.10615323636460011 0.06890825154935601 0.045231516283573046 0.029290927474365187 0.019425137237810242 0.03964163338835665
0.0688998945119564 0.11992644926458927 0.12092075356038459 0.10678545834865029 0.16362993055267602 0.10606240806543332 0.06829032046963456 0.04404261069245738 0.028849002795070505 0.01951021596029487 0.03875086825110738
0.06914422762084434 0.12029159702260751 0.12196204080969904 0.10695958607844984 0.1622470441940997 0.10562672258158913 0.06781908595802581 0.04434036093618387 0.0293744899905671 0.019095848487540427 0.03901607502264942
0.06929679352662879 0.12071979024739048 0.12133693816856503 0.10683898535573404 0.16294264232668365 0.10581295015067185 0.06744921343128117 0.044378436997874596 0.028990063931939765 0.019157387788076363 0.039040885718505065
0.06982630292131935 0.12077688043854355 0.12113197004293969 0.10691777235783415 0.16230712344342285 0.10538223367375532 0.06854192263130147 0.04444534604823478 0.028874273984357934 0.019392856616670655 0.03823551095664602
0.069846 0.121252 0.121146 0.10654 0.162684 0.105594 0.068384 0.044138 0.028764 0.019146 0.038668