0.087474 0.15312 0.141218 0.114496 0.156954 0.091086 0.054606 0.032382 0.020046 0.012376 0.021568
0.088016 0.152984 0.140584 0.113792 0.157802 0.091558 0.054376 0.032526 0.019626 0.012354 0.021756
0.088082 0.152324 0.141454 0.11507 0.156796 0.09141 0.053506 0.03214 0.019918 0.012508 0.021396
0.087888 0.153026 0.141422 0.113734 0.157158 0.09145 0.054418 0.032516 0.020016 0.012256 0.021518
0.08632824124591275 0.15087869787482283 0.14011123623250873 0.11426144919492266 0.1584384787110196 0.09249040442575027 0.054502062306517655 0.03255799380645166 0.020650051205309376 0.012724691427796576 0.022053207188380452
0.0871831666380196 0.15258204643271714 0.14011116577820057 0.11388910209672407 0.1580684202952162 0.09268051158036031 0.054328158226965656 0.032785374424451286 0.01999698151474359 0.01191034557279119 0.021660903292479272
0.08704288918016576 0.1521472553624456 0.14105245559229243 0.11419961131185129 0.15766122092565807 0.09255928630001947 0.054023037801959564 0.03277742669403278 0.01969012821936101 0.012426160182299122 0.021539117523878635
0.08659435170366847 0.1509524915901287 0.14053650184573002 0.11443362561313593 0.1585749474757043 0.0920870204898255 0.05469012163380397 0.03277367553285402 0.020403029656265153 0.012826341882366284 0.021905629452234794
0.08464346880524436 0.14827028063479614 0.1391793771813424 0.11399525932632994 0.15845534809232975 0.09405328794444162 0.05563141337871503 0.033308185232685805 0.020995463356748584 0.013046087057716638 0.023138657225116672
0.08587567512177463 0.1501229810681774 0.13989721109917874 0.11479288980544632 0.1581308075545649 0.09341190211168311 0.05500909242650714 0.033080716759807186 0.020393012621802323 0.012706511668583493 0.022041710504132138
0.08669935689938783 0.1503660328780398 0.14005815243156164 0.11384074816678187 0.15896635378587262 0.09313836230346184 0.05494054212155489 0.03286882212217014 0.019919402019716436 0.012752583630323205 0.022052693037388625
0.08468269786942048 0.14802191462845515 0.13922487192309194 0.11453666863544212 0.15820789975051097 0.09440440352073001 0.05527735452946503 0.03339879809883447 0.020960995888213912 0.012935858656137098 0.023194212388148533
0.08287792959163205 0.1446989134866544 0.13656395212500058 0.11285108576606799 0.16068689740775594 0.09578890760690079 0.05758573799901679 0.035010607409942204 0.02154324448626859 0.01344240304682574 0.023957561357802897
0.08486553059219433 0.1479814061936297 0.1394700581487258 0.11386487580836253 0.15954426920224338 0.09379069962048729 0.05599883512146186 0.033797226921101764 0.02023131314660168 0.012809230359163645 0.022592940654313918
0.08503958562604484 0.14848940925049714 0.13924124781123953 0.11344360459509913 0.15859909970940017 0.09415639551847928 0.056065185548831026 0.03392057037509874 0.020597102109170286 0.012965775092843025 0.022718395100725267
0.08254773793125972 0.14469849766347792 0.13680026598451386 0.1133526829917329 0.16017125091831547 0.09595385052498322 0.057448646652496174 0.03497419682160856 0.02156244580787264 0.013338288009948103 0.024098310545753933