0.012005 0.010748 0.009704 0.008783 0.007640 0.006909 0.007904 0.006605 0.005824 0.005013 0.005399 0.004612 0.003863 0.003239 0.002867 0.002911 0.002531 0.002051 0.001987 0.001768 0.001880 0.013150
0.011582 0.011000 0.009554 0.008469 0.007656 0.006796 0.008066 0.006746 0.005942 0.005000 0.005213 0.004422 0.003796 0.003194 0.002898 0.002930 0.002513 0.002163 0.002018 0.001917 0.001945 0.013308
0.012027 0.010919 0.009646 0.008666 0.007538 0.006682 0.007916 0.006690 0.005788 0.005113 0.005447 0.004626 0.003796 0.003299 0.002974 0.002888 0.002477 0.002245 0.002014 0.001863 0.001961 0.013154
0.011827 0.010828 0.009884 0.008651 0.007534 0.006551 0.007842 0.006714 0.005798 0.005107 0.005451 0.004404 0.003830 0.003303 0.002878 0.002928 0.002501 0.002219 0.002135 0.001798 0.001853 0.013056
0.011965 0.010645 0.009610 0.008624 0.007508 0.006737 0.007828 0.006966 0.006079 0.005077 0.005212 0.004664 0.003896 0.003399 0.002970 0.003032 0.002572 0.002286 0.002061 0.001994 0.001936 0.013359
0.011867 0.010609 0.009465 0.008531 0.007675 0.006813 0.007720 0.006787 0.005801 0.004957 0.005585 0.004687 0.004005 0.003246 0.002932 0.002924 0.002511 0.002164 0.002138 0.001762 0.002007 0.013385
0.011864 0.010956 0.009589 0.008641 0.007568 0.006606 0.007900 0.006894 0.005704 0.004937 0.005356 0.004583 0.003810 0.003321 0.002979 0.002886 0.002488 0.002162 0.002081 0.001791 0.001892 0.013095
0.011695 0.010890 0.009667 0.008587 0.007473 0.006690 0.007871 0.006638 0.005958 0.005220 0.005385 0.004717 0.003864 0.003255 0.002826 0.002981 0.002508 0.002217 0.002124 0.001792 0.001865 0.013531
0.011946 0.010825 0.009434 0.008549 0.007573 0.007074 0.007963 0.007007 0.006067 0.005266 0.005685 0.004616 0.004013 0.003564 0.003057 0.003063 0.002644 0.002256 0.002151 0.001918 0.002111 0.013912
0.011956 0.010624 0.009498 0.008713 0.007817 0.006875 0.007998 0.006799 0.006030 0.004956 0.005556 0.004497 0.003954 0.003265 0.002845 0.003002 0.002567 0.002130 0.002078 0.001737 0.001898 0.013323
0.011696 0.010684 0.009446 0.008388 0.007669 0.007057 0.007798 0.006752 0.005812 0.005085 0.005510 0.004612 0.003759 0.003347 0.002900 0.003099 0.002439 0.002171 0.002103 0.001721 0.001930 0.013453
0.011620 0.010922 0.009447 0.008733 0.007904 0.006900 0.007952 0.006867 0.005793 0.005274 0.005566 0.004735 0.004012 0.003394 0.002984 0.003097 0.002525 0.002250 0.002244 0.001960 0.002062 0.014021
0.011804 0.010692 0.009435 0.008430 0.007579 0.006978 0.008341 0.007020 0.005948 0.005204 0.005552 0.004728 0.004356 0.003630 0.002988 0.003185 0.002761 0.002228 0.002294 0.002059 0.002164 0.014599
0.011833 0.010704 0.009750 0.008623 0.007464 0.006818 0.008082 0.006744 0.005959 0.005327 0.005417 0.004649 0.003878 0.003349 0.002898 0.002972 0.002711 0.002218 0.002109 0.001841 0.002004 0.013763
0.011931 0.010683 0.009548 0.008534 0.007576 0.006687 0.008148 0.006715 0.005751 0.005009 0.005411 0.004811 0.003944 0.003455 0.002867 0.003059 0.002554 0.002117 0.002083 0.001892 0.002079 0.013607
0.011577 0.010573 0.009712 0.008429 0.007510 0.007017 0.008103 0.006983 0.006211 0.005396 0.005668 0.004640 0.004079 0.003510 0.003025 0.003252 0.002693 0.002239 0.002269 0.001921 0.002176 0.014690
