0.06706 0.06706 0.081179 0.080954 0.137361 0.09935 0.06879 0.046537 0.032316 0.021777 0.048298
0.066085 0.066085 0.081012 0.080855 0.136678 0.100395 0.068866 0.046769 0.032134 0.021824 0.048488
0.065609 0.065609 0.08076 0.080322 0.137052 0.099279 0.069332 0.047262 0.032194 0.022162 0.04901
0.0646 0.0646 0.079454 0.079641 0.137793 0.100649 0.069786 0.0478 0.032773 0.022424 0.050554
0.063725 0.063725 0.078743 0.07891 0.136031 0.101451 0.070064 0.048335 0.033503 0.022992 0.051941
0.062885 0.062885 0.077335 0.078197 0.1358 0.102267 0.071147 0.049166 0.033967 0.023263 0.052442
0.061534 0.061534 0.07657 0.077612 0.135938 0.1011 0.072028 0.049136 0.034359 0.024203 0.055032
0.060371 0.060371 0.075399 0.076575 0.135167 0.101918 0.071656 0.0504 0.034999 0.024501 0.055889
0.059186 0.059186 0.074313 0.076025 0.135071 0.102077 0.07195 0.051096 0.035503 0.025132 0.05816
0.057044 0.057044 0.072957 0.076157 0.133994 0.101593 0.073297 0.051132 0.036239 0.025736 0.05954
0.057436 0.057436 0.072336 0.074579 0.13331 0.101985 0.073015 0.051788 0.036635 0.025956 0.061315
0.05668 0.05668 0.071909 0.074222 0.13196 0.101416 0.073691 0.052513 0.037343 0.026524 0.062574
0.055763 0.055763 0.071804 0.072593 0.132153 0.101592 0.073934 0.052577 0.037301 0.026647 0.06444
0.055399 0.055399 0.070637 0.072873 0.131885 0.10182 0.07402 0.053747 0.037482 0.026849 0.066084
0.055824 0.055824 0.070219 0.072433 0.131413 0.101717 0.073644 0.053089 0.037842 0.027104 0.067185
0.055115 0.055115 0.069403 0.072385 0.130427 0.101298 0.074101 0.053183 0.038522 0.02766 0.068911
0.054086 0.054086 0.068707 0.071857 0.129403 0.101705 0.074345 0.053918 0.038728 0.027798 0.070154
0.054544 0.054544 0.068731 0.071619 0.130411 0.100204 0.074785 0.053657 0.039024 0.028391 0.070342
0.054102 0.054102 0.067928 0.070669 0.128674 0.101469 0.074984 0.053765 0.039687 0.027807 0.072038