0.098505 0.112317 0.100982 0.151111 0.094424 0.057029 0.034916 0.021944 0.013650 0.024160
0.097609 0.112571 0.101936 0.152462 0.094293 0.056935 0.035053 0.021293 0.013078 0.023822
0.098255 0.112612 0.101107 0.152111 0.094670 0.056230 0.034542 0.021637 0.013526 0.023748
0.099034 0.114346 0.100527 0.151257 0.093243 0.056199 0.034613 0.021144 0.013262 0.023773
0.100356 0.114468 0.101648 0.151101 0.092614 0.055747 0.033790 0.021269 0.012990 0.022613
0.100560 0.114896 0.101456 0.150804 0.092295 0.055146 0.033712 0.020873 0.012819 0.022400
0.102312 0.114258 0.101922 0.150395 0.091354 0.055173 0.033617 0.020468 0.013045 0.022723
0.101116 0.114929 0.101490 0.150081 0.093161 0.055171 0.033469 0.020390 0.012786 0.022201
0.100504 0.114545 0.101859 0.150814 0.092077 0.055967 0.033431 0.020626 0.012638 0.022323
0.100539 0.113862 0.101225 0.151527 0.091812 0.055666 0.033807 0.020978 0.012885 0.022390
0.098891 0.113582 0.101056 0.151848 0.093105 0.056478 0.033462 0.020853 0.012987 0.022889
0.099879 0.113406 0.100915 0.151027 0.093975 0.056482 0.034225 0.020833 0.012927 0.023481
0.098473 0.112941 0.101989 0.151829 0.094081 0.056855 0.034098 0.021582 0.013179 0.023841
0.098031 0.111814 0.101404 0.152143 0.094240 0.057294 0.034721 0.021261 0.013341 0.023858
0.097552 0.112635 0.101108 0.152124 0.094083 0.056573 0.035312 0.021510 0.013807 0.023972
0.094629 0.110885 0.101270 0.151815 0.096309 0.059076 0.036192 0.022659 0.014053 0.025377
0.094584 0.111292 0.100178 0.152476 0.096565 0.058987 0.036349 0.022058 0.014195 0.025574
0.096382 0.111053 0.100490 0.152844 0.095315 0.058331 0.035755 0.022082 0.013858 0.024659
0.096898 0.111727 0.100601 0.152644 0.094895 0.057878 0.035501 0.021914 0.013562 0.024483
0.097415 0.112400 0.100713 0.152445 0.094475 0.057426 0.035247 0.021746 0.013267 0.024307
0.098292 0.112701 0.100761 0.151647 0.093757 0.056716 0.034837 0.021426 0.013339 0.023863
0.098881 0.112525 0.101358 0.151746 0.094042 0.056461 0.034224 0.021239 0.013454 0.023441
0.098760 0.113694 0.101072 0.152689 0.093489 0.056638 0.034513 0.020826 0.013149 0.022820
0.098727 0.112958 0.101050 0.152702 0.093970 0.056387 0.034639 0.021297 0.013395 0.023391
0.098041 0.113581 0.101392 0.152316 0.093470 0.057168 0.034755 0.021474 0.013518 0.023475
0.098184 0.112666 0.101103 0.151634 0.094996 0.056855 0.034889 0.021783 0.013587 0.023792
0.096528 0.111907 0.100579 0.152144 0.095571 0.057626 0.035396 0.021938 0.013849 0.024494
0.094871 0.111147 0.100055 0.152655 0.096146 0.058397 0.035904 0.022093 0.014111 0.025196
0.094548 0.110414 0.100485 0.153075 0.096522 0.058919 0.036374 0.022710 0.014249 0.025461
0.095332 0.110124 0.100273 0.152134 0.096311 0.059517 0.035877 0.022720 0.014458 0.025308
0.092497 0.108507 0.099317 0.152114 0.097406 0.060832 0.037812 0.023741 0.015144 0.026957
0.092556 0.109381 0.098795 0.153039 0.098305 0.061023 0.037356 0.023191 0.014944 0.026831
0.093288 0.108998 0.099325 0.152484 0.098033 0.059909 0.036751 0.023572 0.014398 0.026506
0.093813 0.110858 0.099937 0.152791 0.096575 0.059156 0.036610 0.022785 0.014010 0.026081
0.094812 0.110084 0.100021 0.152931 0.096223 0.058868 0.036496 0.022360 0.014207 0.025452
0.095645 0.110972 0.100620 0.152332 0.096459 0.057740 0.035848 0.022147 0.013834 0.024974
0.096111 0.111736 0.100423 0.152616 0.095641 0.058057 0.035852 0.022177 0.013853 0.023888
0.096099 0.111886 0.099897 0.152253 0.095731 0.058466 0.036052 0.021859 0.013658 0.024455
0.097023 0.111402 0.100099 0.152038 0.095569 0.057671 0.035455 0.022065 0.013883 0.024932
0.095688 0.111235 0.100236 0.153232 0.096577 0.057840 0.035743 0.022467 0.013432 0.024996
0.094557 0.110648 0.100842 0.152311 0.096737 0.058648 0.036476 0.022438 0.013680 0.025079
0.093901 0.109862 0.100433 0.152742 0.097190 0.059239 0.036617 0.022959 0.014141 0.025631
0.093245 0.109076 0.100025 0.153172 0.097644 0.059830 0.036757 0.023480 0.014603 0.026182
0.093021 0.108772 0.099425 0.153536 0.097615 0.060109 0.037447 0.023090 0.015096 0.026776
0.092641 0.108405 0.098853 0.152951 0.097989 0.060935 0.037886 0.023601 0.014697 0.027175
0.090068 0.105717 0.098405 0.153026 0.099377 0.061933 0.038546 0.024667 0.015782 0.028760
0.090733 0.107081 0.098676 0.152549 0.098765 0.061822 0.038065 0.024485 0.015355 0.028260
0.090855 0.108105 0.099307 0.152821 0.099272 0.061140 0.038224 0.023902 0.015364 0.027586
0.092102 0.107683 0.099896 0.153019 0.097504 0.061179 0.037355 0.023558 0.015059 0.027327
0.092520 0.108828 0.099998 0.152637 0.097416 0.060650 0.037357 0.023080 0.014807 0.026545
0.092847 0.109295 0.099785 0.153448 0.097839 0.059914 0.036487 0.023182 0.014578 0.026139
0.093704 0.109371 0.100429 0.152284 0.097485 0.059340 0.036725 0.022971 0.014349 0.025596
0.094200 0.110585 0.100432 0.152863 0.097029 0.059519 0.036797 0.022929 0.014193 0.025109
0.094142 0.109605 0.099236 0.153074 0.097733 0.059389 0.036700 0.023065 0.014340 0.025531
0.093008 0.109284 0.100012 0.154141 0.096321 0.059956 0.037188 0.023031 0.014659 0.026622
0.092580 0.109088 0.099854 0.152853 0.097714 0.060962 0.037411 0.023155 0.014772 0.026240
0.091342 0.108462 0.099205 0.153025 0.097763 0.061339 0.037651 0.023727 0.015069 0.027167
0.090103 0.107836 0.098556 0.153197 0.097811 0.061716 0.037890 0.024300 0.015365 0.028094
0.089664 0.107654 0.098002 0.154008 0.099100 0.061656 0.038585 0.024673 0.015458 0.028167
0.089843 0.105916 0.098690 0.153154 0.098561 0.062211 0.038528 0.024541 0.015529 0.028825
0.086955 0.105019 0.098024 0.154098 0.100937 0.062913 0.040197 0.025116 0.016032 0.030194
0.088111 0.106001 0.097778 0.152388 0.099300 0.062990 0.039480 0.024972 0.016521 0.030262
0.089163 0.105068 0.097970 0.153527 0.100124 0.062204 0.039267 0.024725 0.015875 0.029609
0.089752 0.106721 0.098041 0.153994 0.099534 0.061414 0.038594 0.024472 0.015383 0.028302
0.090960 0.107639 0.098044 0.153609 0.099343 0.060574 0.038436 0.024008 0.015500 0.027845
0.091507 0.108043 0.098667 0.153099 0.098449 0.061310 0.037678 0.023660 0.015034 0.027656
0.091682 0.108776 0.098376 0.153135 0.098396 0.061147 0.037671 0.023818 0.015024 0.026922
0.091308 0.107861 0.100153 0.152809 0.098831 0.060906 0.037714 0.023403 0.014639 0.026978
0.091701 0.108547 0.099396 0.152656 0.097971 0.060750 0.037598 0.023549 0.014792 0.027015
0.091230 0.108620 0.098987 0.153135 0.098706 0.060802 0.038298 0.023950 0.014982 0.027417
0.090175 0.107821 0.099123 0.153237 0.099097 0.061055 0.038641 0.023680 0.015333 0.027873
0.089990 0.106652 0.098516 0.152978 0.099197 0.062558 0.038950 0.024411 0.015411 0.028779
0.089331 0.105793 0.097615 0.153097 0.099627 0.062429 0.038822 0.024894 0.015869 0.029303
0.088781 0.105615 0.098185 0.153012 0.100038 0.062624 0.039688 0.025258 0.016099 0.030227
0.087880 0.104947 0.097843 0.153378 0.100738 0.063260 0.039822 0.025017 0.016062 0.030612
0.086118 0.103803 0.097336 0.153890 0.101451 0.063988 0.040388 0.026259 0.017165 0.031404
0.085717 0.104297 0.097246 0.152886 0.101286 0.064329 0.040786 0.026010 0.016896 0.031287
0.087362 0.104313 0.097131 0.153673 0.100976 0.063338 0.040337 0.025750 0.016681 0.030660
0.087699 0.105778 0.097555 0.154392 0.100199 0.063120 0.039970 0.025382 0.015831 0.030166
0.089045 0.106963 0.097674 0.152867 0.100214 0.063145 0.038785 0.024812 0.015774 0.028775
0.089086 0.106017 0.098586 0.153158 0.099797 0.062560 0.039160 0.024420 0.015443 0.028957
0.089794 0.106870 0.099276 0.152983 0.098648 0.061877 0.038876 0.024042 0.015475 0.028672
0.090382 0.107284 0.098846 0.152671 0.099141 0.061911 0.038664 0.024339 0.015447 0.027987
0.089925 0.106977 0.098737 0.153529 0.098769 0.061966 0.038842 0.024379 0.015808 0.028139
0.090329 0.106388 0.098791 0.152842 0.099289 0.061607 0.039019 0.024949 0.015576 0.029135
0.088602 0.105956 0.098604 0.153200 0.099921 0.062466 0.038972 0.025070 0.015885 0.029490
0.088254 0.105541 0.097984 0.152715 0.100517 0.062851 0.039964 0.025149 0.016113 0.030641
0.087082 0.104856 0.097245 0.152694 0.100916 0.063738 0.039922 0.025546 0.016365 0.031202
0.086076 0.104274 0.096740 0.153889 0.101396 0.063869 0.040018 0.025866 0.016414 0.031662
0.085523 0.104708 0.097854 0.153944 0.101666 0.064145 0.040256 0.025864 0.017187 0.031740
0.084913 0.102198 0.097035 0.152750 0.101941 0.065181 0.041315 0.026353 0.017219 0.032730
0.084870 0.103307 0.097096 0.154746 0.100982 0.064448 0.041030 0.026273 0.017019 0.032907
0.085737 0.104128 0.096816 0.153664 0.101896 0.064308 0.040763 0.025716 0.016794 0.031989
0.086309 0.104692 0.097257 0.153171 0.101298 0.063533 0.040385 0.026036 0.016595 0.031055
0.087236 0.104112 0.097910 0.153595 0.101443 0.064043 0.039476 0.025464 0.016514 0.031102
0.088151 0.105663 0.097511 0.152297 0.100464 0.063115 0.039791 0.025656 0.016365 0.030398
0.088020 0.105698 0.097433 0.153847 0.100316 0.062664 0.040066 0.025303 0.016175 0.030107
0.087553 0.105705 0.097900 0.153698 0.099812 0.063358 0.039548 0.025365 0.016061 0.029777
0.087659 0.105278 0.098054 0.154376 0.099215 0.062338 0.039570 0.025266 0.015897 0.030243
0.087559 0.105279 0.097820 0.153546 0.100129 0.062754 0.039960 0.025238 0.016345 0.030249
0.088024 0.104194 0.096919 0.154287 0.099941 0.063164 0.040338 0.025691 0.016400 0.030700
0.086078 0.103873 0.097060 0.153931 0.101744 0.063855 0.040497 0.026038 0.017126 0.031651
0.085810 0.103900 0.096704 0.154255 0.100949 0.064087 0.041390 0.026008 0.017123 0.031780
0.084618 0.103530 0.098033 0.153285 0.100957 0.065394 0.041174 0.026394 0.016962 0.032703
0.084739 0.102571 0.097330 0.153741 0.101834 0.065036 0.041176 0.026702 0.017095 0.032897
0.083479 0.101764 0.096388 0.153379 0.102600 0.065256 0.042246 0.027320 0.017904 0.034623
0.084288 0.102341 0.096056 0.152875 0.102139 0.065645 0.042105 0.027106 0.017684 0.033859
0.084632 0.102314 0.095826 0.154034 0.101830 0.065047 0.041829 0.026831 0.017330 0.033572
0.084338 0.102763 0.096599 0.153858 0.101924 0.064663 0.041061 0.026380 0.017067 0.032895
0.085003 0.103884 0.096942 0.153343 0.101565 0.063933 0.040669 0.026431 0.016743 0.032299
0.086285 0.103272 0.097386 0.153643 0.101119 0.064248 0.040657 0.025465 0.016895 0.031643
0.086078 0.103755 0.096650 0.155056 0.101189 0.063579 0.040656 0.025659 0.016726 0.031246
0.086697 0.104306 0.097762 0.152806 0.101605 0.064075 0.040415 0.025767 0.016774 0.031323
0.086413 0.103658 0.097124 0.153548 0.100988 0.064816 0.040588 0.025646 0.016537 0.031179
0.086058 0.103882 0.097050 0.153903 0.101473 0.063925 0.040594 0.026004 0.016884 0.031446
0.085754 0.104081 0.096711 0.153724 0.100957 0.064422 0.040975 0.026113 0.016690 0.031739
0.085311 0.103741 0.097097 0.153460 0.100878 0.064797 0.040572 0.026277 0.017108 0.033069
0.083691 0.102558 0.096806 0.153578 0.102049 0.064688 0.041504 0.026616 0.017839 0.033088
0.083594 0.102017 0.095509 0.152699 0.103010 0.065847 0.042430 0.027084 0.017731 0.033845
0.082937 0.101516 0.095752 0.153007 0.102536 0.065963 0.042401 0.026977 0.017640 0.034754
0.081716 0.100540 0.095803 0.152730 0.103920 0.066860 0.042421 0.027823 0.017778 0.035902
0.082005 0.101366 0.094838 0.153045 0.103620 0.066012 0.042757 0.027613 0.018292 0.035416
0.082758 0.101167 0.095876 0.153881 0.102934 0.066214 0.042584 0.026987 0.017703 0.034211
0.083488 0.101821 0.096443 0.153166 0.101303 0.065952 0.041917 0.027129 0.017368 0.034001
0.084492 0.102995 0.096807 0.153274 0.101982 0.064642 0.041377 0.026697 0.017374 0.032801
0.084854 0.103198 0.096892 0.153252 0.101708 0.064748 0.041108 0.026550 0.017438 0.032790
0.084728 0.102804 0.096835 0.153115 0.102283 0.064907 0.040786 0.026735 0.017342 0.032750
0.084878 0.102728 0.097164 0.153112 0.101182 0.065204 0.041311 0.026371 0.017130 0.032574
0.085326 0.102732 0.096955 0.153754 0.101296 0.064410 0.041455 0.026722 0.017147 0.032705
0.084720 0.103162 0.096420 0.153194 0.102115 0.064336 0.040943 0.027257 0.017309 0.032808
0.084427 0.102752 0.096681 0.153366 0.102387 0.064614 0.041897 0.026885 0.017420 0.033335
0.083541 0.101782 0.095995 0.153040 0.102659 0.066144 0.042134 0.026790 0.017265 0.034188
0.082991 0.101272 0.096586 0.153588 0.102814 0.065704 0.042047 0.027172 0.017562 0.034365
0.082432 0.100384 0.096096 0.154148 0.102371 0.066605 0.043046 0.027337 0.018066 0.035150
0.082097 0.100604 0.095643 0.152921 0.103088 0.066218 0.042756 0.027941 0.017989 0.035333
0.081268 0.099300 0.095121 0.154476 0.103426 0.066975 0.043260 0.028241 0.018411 0.036552
0.080980 0.100090 0.095471 0.153255 0.104109 0.067093 0.043561 0.027879 0.018357 0.036298
0.081509 0.101563 0.095631 0.152817 0.102313 0.066657 0.043351 0.027801 0.018465 0.035265
0.082663 0.100294 0.096211 0.154180 0.103108 0.066181 0.042028 0.027427 0.017794 0.034988
0.082665 0.102073 0.096159 0.153168 0.102143 0.066113 0.042514 0.027229 0.017886 0.034723
0.083663 0.101575 0.095718 0.154268 0.102983 0.065127 0.041725 0.026985 0.017572 0.033978
0.082588 0.101718 0.097662 0.152992 0.102099 0.066120 0.041892 0.027216 0.017670 0.033667
0.084027 0.102865 0.096786 0.152664 0.102167 0.065232 0.042189 0.027290 0.017498 0.033259
0.083730 0.101654 0.095583 0.153795 0.102141 0.065310 0.041417 0.027483 0.017764 0.033658
0.082795 0.101986 0.096438 0.153176 0.102156 0.066537 0.041959 0.027076 0.017679 0.033959
0.083530 0.101687 0.095595 0.153819 0.102866 0.065702 0.041801 0.027014 0.017670 0.033934
0.083421 0.101265 0.096008 0.153460 0.102448 0.065581 0.042311 0.027643 0.017948 0.034758
0.082531 0.100629 0.095944 0.152833 0.103413 0.066331 0.042794 0.027879 0.018335 0.035720
0.081232 0.100261 0.094585 0.153691 0.103409 0.066795 0.043228 0.027876 0.018382 0.036295
0.080423 0.100187 0.094954 0.153309 0.104214 0.066976 0.043210 0.028006 0.018458 0.036884
0.080999 0.099491 0.095285 0.153532 0.103592 0.066450 0.043317 0.028481 0.018588 0.037129
0.080459 0.099646 0.094888 0.153500 0.103867 0.067406 0.043615 0.028234 0.018565 0.037442
0.080394 0.099539 0.095454 0.153053 0.104090 0.067253 0.043455 0.027834 0.018581 0.036937
0.082153 0.100007 0.094974 0.154216 0.102563 0.066723 0.042962 0.027877 0.018744 0.036065
0.082217 0.100898 0.096029 0.153745 0.102757 0.066217 0.042486 0.027981 0.018537 0.035373
0.082094 0.100634 0.096650 0.152794 0.102584 0.066678 0.042898 0.027684 0.018187 0.034725
0.082197 0.101054 0.095572 0.154289 0.102973 0.066453 0.042594 0.027549 0.017910 0.034818
0.082385 0.100855 0.095204 0.153264 0.103311 0.066095 0.042821 0.027750 0.017965 0.034822
0.082595 0.100394 0.096029 0.154044 0.102748 0.066505 0.042252 0.027992 0.018083 0.034731
0.082143 0.101112 0.095424 0.152881 0.103175 0.066099 0.042508 0.027695 0.018424 0.035350
0.081814 0.101102 0.095671 0.153391 0.103767 0.066069 0.042917 0.028130 0.018084 0.035183
0.082118 0.100899 0.096003 0.153125 0.103732 0.066705 0.042677 0.028362 0.018132 0.035654
0.080100 0.100545 0.094956 0.153203 0.103404 0.067238 0.043613 0.027804 0.018606 0.036936
0.079818 0.099037 0.095196 0.153275 0.104085 0.067608 0.043806 0.028425 0.018671 0.036884
0.080391 0.098768 0.095266 0.153223 0.103076 0.067816 0.043798 0.028897 0.018543 0.037158
0.079764 0.098966 0.094450 0.153168 0.104241 0.067617 0.044499 0.029104 0.018947 0.038135
0.080815 0.098449 0.094865 0.153288 0.104355 0.067520 0.044254 0.029049 0.018992 0.037458
0.080779 0.099392 0.093838 0.153486 0.104321 0.067473 0.043831 0.028617 0.018864 0.037349
0.080356 0.099347 0.094873 0.153528 0.104103 0.067221 0.043731 0.028532 0.019028 0.036797
0.080783 0.099774 0.095651 0.152305 0.103838 0.067341 0.043090 0.027991 0.018186 0.036755
0.081984 0.100268 0.095300 0.153626 0.103869 0.066632 0.043433 0.028077 0.018347 0.035802
0.081980 0.099897 0.094990 0.152543 0.104073 0.066851 0.043200 0.028252 0.018066 0.036089
0.081793 0.100015 0.095595 0.152452 0.103832 0.066666 0.042914 0.028526 0.018409 0.035950
0.081090 0.100388 0.095680 0.153604 0.103046 0.066966 0.042696 0.027685 0.018378 0.035823
0.081809 0.100114 0.094107 0.153329 0.103835 0.067367 0.042601 0.028141 0.018405 0.035953
0.080690 0.100070 0.094987 0.152633 0.104332 0.067048 0.043041 0.028223 0.018789 0.036245
0.080656 0.099714 0.094826 0.153610 0.103959 0.067685 0.043721 0.028015 0.018677 0.036638
0.080039 0.098988 0.094355 0.152940 0.104378 0.067796 0.044185 0.028343 0.018405 0.037825
0.080046 0.098855 0.094230 0.153333 0.103735 0.068111 0.044133 0.028852 0.018946 0.037894
0.079297 0.098549 0.095256 0.153263 0.104755 0.068492 0.044200 0.028955 0.018874 0.038285
0.078428 0.098979 0.094841 0.154080 0.105784 0.067531 0.044351 0.028827 0.019260 0.038784
0.079466 0.098612 0.094544 0.153205 0.105149 0.068310 0.044088 0.029252 0.019250 0.038102
0.079143 0.098568 0.094212 0.152736 0.104364 0.067934 0.044740 0.029101 0.019159 0.038503
0.079341 0.099497 0.094826 0.154376 0.103779 0.068290 0.043714 0.028399 0.018899 0.037746
0.080328 0.099546 0.094704 0.153265 0.104760 0.067351 0.043925 0.028443 0.018844 0.037475
0.080459 0.099511 0.094597 0.154333 0.103620 0.067712 0.043886 0.028292 0.018443 0.036978
0.080496 0.100301 0.094855 0.152676 0.103836 0.067248 0.043469 0.028834 0.018609 0.037173
0.080618 0.099661 0.095466 0.153072 0.103392 0.067077 0.043634 0.028367 0.018509 0.036780
0.080075 0.099684 0.095327 0.153284 0.103958 0.067408 0.043993 0.028602 0.018463 0.037165
0.080374 0.099828 0.095040 0.153171 0.103993 0.066534 0.044188 0.028915 0.018728 0.036782
0.080045 0.100407 0.094445 0.152840 0.103940 0.067384 0.043471 0.028692 0.018709 0.037364
0.079785 0.098221 0.095043 0.153243 0.104312 0.067582 0.044356 0.028699 0.019092 0.037907
0.078954 0.099022 0.094081 0.153338 0.104931 0.068190 0.044137 0.028988 0.019108 0.038352
0.080135 0.098468 0.094963 0.153725 0.103579 0.067325 0.044197 0.029095 0.018983 0.038822
0.079392 0.098442 0.094882 0.152980 0.104460 0.068050 0.044099 0.029055 0.019695 0.038982
0.078621 0.098210 0.093705 0.153538 0.104374 0.068457 0.044884 0.029224 0.019643 0.039441
0.078492 0.098110 0.093697 0.153575 0.105027 0.068531 0.045099 0.029383 0.019814 0.039284
0.078737 0.097595 0.094494 0.153925 0.104309 0.068642 0.044764 0.029025 0.019397 0.039074
0.079141 0.098464 0.094666 0.153108 0.104403 0.068387 0.044065 0.029235 0.019033 0.038549
0.080174 0.098444 0.094598 0.153529 0.104207 0.067551 0.044222 0.029087 0.019411 0.038295
0.080758 0.099022 0.094187 0.152785 0.104209 0.067988 0.044345 0.028482 0.019274 0.037378
0.079985 0.098946 0.094267 0.152531 0.104095 0.067860 0.043778 0.028941 0.018973 0.037774
0.079815 0.098876 0.095024 0.152762 0.104106 0.067512 0.044377 0.029076 0.019016 0.037823
0.080977 0.099139 0.093447 0.153689 0.103279 0.067706 0.044123 0.029206 0.019029 0.037936
0.079196 0.099240 0.094670 0.153057 0.104605 0.068402 0.044020 0.028945 0.019138 0.037882
0.080287 0.098508 0.094135 0.152872 0.104196 0.068619 0.044361 0.028913 0.019290 0.038276
0.078718 0.098435 0.094216 0.153307 0.104594 0.067964 0.043871 0.029359 0.019073 0.038442
0.079148 0.098116 0.094408 0.152991 0.104122 0.068624 0.044570 0.029440 0.019492 0.039016
0.078238 0.097729 0.093271 0.153738 0.104575 0.068969 0.044701 0.029299 0.019535 0.039654
0.079042 0.097674 0.093840 0.152760 0.105584 0.068549 0.045313 0.029719 0.019422 0.039133
0.079073 0.096877 0.093272 0.152965 0.105678 0.069334 0.045471 0.029900 0.019682 0.039921
0.078103 0.097651 0.093487 0.153499 0.104928 0.069005 0.045018 0.030066 0.019282 0.039749
0.078686 0.098025 0.094638 0.152575 0.105129 0.069237 0.044646 0.030026 0.019431 0.039347
0.077949 0.097912 0.093845 0.152002 0.104777 0.069192 0.045692 0.029563 0.018967 0.039924
0.079659 0.098345 0.093672 0.152867 0.104490 0.068068 0.044664 0.029031 0.019609 0.038737
0.079584 0.098186 0.094470 0.152662 0.104226 0.068357 0.044243 0.029256 0.019101 0.038762
0.079157 0.098189 0.094472 0.153067 0.104112 0.067858 0.044442 0.028997 0.019074 0.038126
0.078432 0.097944 0.094116 0.152646 0.105480 0.068308 0.044344 0.029667 0.019319 0.038751
0.078749 0.099126 0.094152 0.153556 0.104202 0.068528 0.044367 0.028818 0.019531 0.038458
0.078888 0.098239 0.094207 0.153810 0.104628 0.068762 0.044392 0.028973 0.019425 0.038723
0.078858 0.098067 0.094180 0.153294 0.104683 0.068173 0.045116 0.028946 0.019471 0.038801
0.079181 0.097950 0.093970 0.153060 0.104886 0.068304 0.045098 0.029085 0.019266 0.039389
0.078135 0.097543 0.093657 0.153041 0.104800 0.069082 0.044625 0.029497 0.019314 0.039657
0.077796 0.097207 0.094115 0.153630 0.105215 0.068880 0.044782 0.029772 0.019707 0.040972
0.078299 0.097647 0.093472 0.152577 0.105545 0.068886 0.045493 0.029636 0.019732 0.040813
