5724.000000 4727.000000 4041.000000 3260.000000 2740.000000 2283.000000 16361.000000 0.000000
5609.000000 4726.000000 3963.000000 3257.000000 2771.000000 2241.000000 16443.000000 0.000000
5772.000000 4783.000000 3905.000000 3162.000000 2588.000000 2263.000000 16165.000000 0.000000
5720.000000 4717.000000 3970.000000 3232.000000 2644.000000 2264.000000 16281.000000 0.000000
5747.000000 4885.000000 3997.000000 3229.000000 2604.000000 2218.000000 16083.000000 0.000000
5772.000000 4721.000000 3900.000000 3262.000000 2652.000000 2196.000000 15821.000000 0.000000
5760.000000 4891.000000 3975.000000 3206.000000 2683.000000 2193.000000 15702.000000 0.000000
5701.000000 4758.000000 4053.000000 3211.000000 2641.000000 2293.000000 15724.000000 0.000000
5710.000000 4840.000000 3984.000000 3221.000000 2597.000000 2228.000000 15436.000000 0.000000
5726.000000 4753.000000 3980.000000 3259.000000 2695.000000 2236.000000 15554.000000 0.000000
5760.000000 4832.000000 3906.000000 3266.000000 2686.000000 2201.000000 15370.000000 0.000000
5749.000000 4705.000000 3980.000000 3291.000000 2669.000000 2242.000000 15514.000000 0.000000
5761.000000 4734.000000 3966.000000 3176.000000 2704.000000 2273.000000 15696.000000 0.000000
5663.000000 4824.000000 3927.000000 3200.000000 2714.000000 2163.000000 15740.000000 0.000000
5796.000000 4718.000000 3946.000000 3313.000000 2671.000000 2149.000000 15928.000000 0.000000
5766.000000 4672.000000 3999.000000 3228.000000 2745.000000 2272.000000 16004.000000 0.000000
5678.000000 4922.000000 3934.000000 3333.000000 2724.000000 2249.000000 16266.000000 0.000000
5577.000000 4812.000000 3871.000000 3308.000000 2651.000000 2235.000000 16283.000000 0.000000
5702.000000 4720.000000 3994.000000 3340.000000 2701.000000 2309.000000 16442.000000 0.000000
5796.000000 4817.000000 3980.000000 3215.000000 2630.000000 2310.000000 16516.000000 0.000000
5638.000000 4751.000000 3906.000000 3375.000000 2678.000000 2350.000000 16907.000000 0.000000
5632.000000 4746.000000 3914.000000 3227.000000 2756.000000 2239.000000 16940.000000 0.000000
5734.000000 4720.000000 3951.000000 3222.000000 2707.000000 2206.000000 16661.000000 0.000000
5652.000000 4862.000000 4018.000000 3272.000000 2780.000000 2241.000000 16493.000000 0.000000
5758.000000 4799.000000 3971.000000 3195.000000 2646.000000 2263.000000 16334.000000 0.000000
5669.000000 4747.000000 3964.000000 3244.000000 2771.000000 2246.000000 16291.000000 0.000000
5878.000000 4764.000000 3945.000000 3281.000000 2685.000000 2270.000000 15925.000000 0.000000
5672.000000 4849.000000 3903.000000 3278.000000 2593.000000 2219.000000 15755.000000 0.000000
5738.000000 4772.000000 3942.000000 3349.000000 2700.000000 2221.000000 15920.000000 0.000000
5835.000000 4699.000000 4029.000000 3209.000000 2753.000000 2271.000000 15697.000000 0.000000
5623.000000 4794.000000 3875.000000 3188.000000 2728.000000 2218.000000 15489.000000 0.000000
5771.000000 4845.000000 4004.000000 3245.000000 2668.000000 2210.000000 15478.000000 0.000000
5623.000000 4745.000000 3920.000000 3153.000000 2722.000000 2254.000000 15838.000000 0.000000
5714.000000 4744.000000 4052.000000 3239.000000 2729.000000 2267.000000 16089.000000 0.000000
5630.000000 4869.000000 3854.000000 3265.000000 2795.000000 2239.000000 16044.000000 0.000000
5682.000000 4767.000000 3977.000000 3405.000000 2626.000000 2279.000000 16413.000000 0.000000
5608.000000 4890.000000 4022.000000 3367.000000 2752.000000 2332.000000 16651.000000 0.000000
5659.000000 4704.000000 4050.000000 3256.000000 2751.000000 2241.000000 16775.000000 0.000000
5664.000000 4744.000000 3916.000000 3288.000000 2781.000000 2311.000000 16717.000000 0.000000
5675.000000 4709.000000 3914.000000 3285.000000 2695.000000 2328.000000 17006.000000 0.000000
5622.000000 4708.000000 3914.000000 3307.000000 2777.000000 2307.000000 17111.000000 0.000000
5609.000000 4863.000000 4038.000000 3315.000000 2691.000000 2320.000000 17014.000000 0.000000
5649.000000 4650.000000 4011.000000 3252.000000 2724.000000 2312.000000 17104.000000 0.000000
5710.000000 4752.000000 3821.000000 3370.000000 2780.000000 2259.000000 17022.000000 0.000000
5731.000000 4804.000000 3999.000000 3229.000000 2767.000000 2310.000000 16654.000000 0.000000
5686.000000 4766.000000 3925.000000 3318.000000 2818.000000 2224.000000 16468.000000 0.000000
5718.000000 4720.000000 3944.000000 3353.000000 2650.000000 2303.000000 16144.000000 0.000000
5859.000000 4809.000000 3919.000000 3256.000000 2599.000000 2302.000000 16135.000000 0.000000
5724.000000 4912.000000 3996.000000 3312.000000 2737.000000 2233.000000 15837.000000 0.000000
5824.000000 4879.000000 3970.000000 3194.000000 2807.000000 2236.000000 15868.000000 0.000000
5826.000000 4779.000000 4060.000000 3332.000000 2609.000000 2171.000000 15894.000000 0.000000
5663.000000 4871.000000 4031.000000 3313.000000 2663.000000 2211.000000 15887.000000 0.000000
5707.000000 4764.000000 3895.000000 3302.000000 2706.000000 2278.000000 16206.000000 0.000000
5539.000000 4800.000000 3955.000000 3252.000000 2663.000000 2256.000000 16292.000000 0.000000
5837.000000 4856.000000 3953.000000 3294.000000 2786.000000 2184.000000 16427.000000 0.000000
5694.000000 4781.000000 3987.000000 3308.000000 2770.000000 2281.000000 16726.000000 0.000000
5717.000000 4720.000000 3912.000000 3267.000000 2687.000000 2350.000000 17149.000000 0.000000
5740.000000 4677.000000 4021.000000 3254.000000 2648.000000 2281.000000 17064.000000 0.000000
5642.000000 4670.000000 3888.000000 3267.000000 2740.000000 2253.000000 17109.000000 0.000000
5569.000000 4899.000000 3945.000000 3235.000000 2777.000000 2325.000000 17220.000000 0.000000
5619.000000 4689.000000 3933.000000 3338.000000 2685.000000 2270.000000 17636.000000 0.000000
5449.000000 4855.000000 3850.000000 3243.000000 2684.000000 2348.000000 17459.000000 0.000000
5638.000000 4739.000000 3919.000000 3274.000000 2784.000000 2280.000000 17498.000000 0.000000
5700.000000 4740.000000 3843.000000 3250.000000 2801.000000 2375.000000 17430.000000 0.000000
5608.000000 4703.000000 3914.000000 3225.000000 2734.000000 2345.000000 16874.000000 0.000000
5645.000000 4792.000000 3854.000000 3345.000000 2779.000000 2222.000000 16747.000000 0.000000
5696.000000 4796.000000 4006.000000 3288.000000 2654.000000 2290.000000 16821.000000 0.000000
5777.000000 4806.000000 3850.000000 3209.000000 2784.000000 2249.000000 16394.000000 0.000000
5747.000000 4768.000000 3871.000000 3226.000000 2727.000000 2208.000000 16269.000000 0.000000
5714.000000 4855.000000 3930.000000 3282.000000 2644.000000 2212.000000 16170.000000 0.000000
5584.000000 4778.000000 3800.000000 3305.000000 2705.000000 2246.000000 16292.000000 0.000000
5773.000000 4767.000000 4023.000000 3251.000000 2658.000000 2310.000000 16043.000000 0.000000
5653.000000 4907.000000 3962.000000 3275.000000 2755.000000 2274.000000 16344.000000 0.000000
5621.000000 4651.000000 3872.000000 3246.000000 2680.000000 2292.000000 16619.000000 0.000000
5654.000000 4708.000000 3886.000000 3257.000000 2687.000000 2304.000000 17379.000000 0.000000
5407.000000 4668.000000 3988.000000 3251.000000 2855.000000 2300.000000 17493.000000 0.000000
5587.000000 4714.000000 3907.000000 3320.000000 2723.000000 2287.000000 17874.000000 0.000000
5554.000000 4615.000000 3984.000000 3266.000000 2673.000000 2316.000000 17675.000000 0.000000
5454.000000 4755.000000 3951.000000 3297.000000 2817.000000 2199.000000 18210.000000 0.000000
5548.000000 4725.000000 3918.000000 3295.000000 2689.000000 2216.000000 17887.000000 0.000000
5497.000000 4632.000000 3876.000000 3293.000000 2742.000000 2382.000000 17993.000000 0.000000
5554.000000 4751.000000 3853.000000 3227.000000 2711.000000 2266.000000 17641.000000 0.000000
5727.000000 4782.000000 3903.000000 3359.000000 2659.000000 2264.000000 17227.000000 0.000000
5571.000000 4751.000000 4016.000000 3320.000000 2774.000000 2324.000000 16918.000000 0.000000
5565.000000 4774.000000 3933.000000 3236.000000 2700.000000 2270.000000 16712.000000 0.000000
5773.000000 4694.000000 4008.000000 3195.000000 2726.000000 2393.000000 16424.000000 0.000000
5701.000000 4854.000000 3956.000000 3293.000000 2735.000000 2320.000000 16549.000000 0.000000
5758.000000 4813.000000 3967.000000 3310.000000 2822.000000 2178.000000 16469.000000 0.000000
5747.000000 4917.000000 3973.000000 3215.000000 2685.000000 2290.000000 16469.000000 0.000000
5635.000000 4804.000000 3934.000000 3312.000000 2665.000000 2309.000000 16575.000000 0.000000
5695.000000 4830.000000 3831.000000 3274.000000 2608.000000 2260.000000 16649.000000 0.000000
5684.000000 4794.000000 4030.000000 3378.000000 2693.000000 2215.000000 16770.000000 0.000000
5664.000000 4732.000000 4019.000000 3334.000000 2648.000000 2274.000000 17035.000000 0.000000
5602.000000 4740.000000 3892.000000 3318.000000 2729.000000 2227.000000 17264.000000 0.000000
5527.000000 4709.000000 3908.000000 3316.000000 2765.000000 2317.000000 17488.000000 0.000000
5567.000000 4727.000000 4015.000000 3231.000000 2787.000000 2317.000000 17959.000000 0.000000
5527.000000 4799.000000 3850.000000 3287.000000 2683.000000 2234.000000 18028.000000 0.000000
5635.000000 4641.000000 3850.000000 3243.000000 2769.000000 2308.000000 18069.000000 0.000000
5465.000000 4643.000000 3809.000000 3210.000000 2751.000000 2296.000000 18470.000000 0.000000
5322.000000 4747.000000 3889.000000 3152.000000 2758.000000 2299.000000 18484.000000 0.000000
5401.000000 4690.000000 3980.000000 3306.000000 2750.000000 2318.000000 17973.000000 0.000000
5569.000000 4687.000000 3952.000000 3235.000000 2672.000000 2240.000000 17870.000000 0.000000
5530.000000 4683.000000 3897.000000 3292.000000 2731.000000 2231.000000 17858.000000 0.000000
5713.000000 4739.000000 3891.000000 3179.000000 2725.000000 2319.000000 17303.000000 0.000000
5583.000000 4848.000000 3934.000000 3222.000000 2740.000000 2257.000000 17105.000000 0.000000
5660.000000 4838.000000 3968.000000 3277.000000 2713.000000 2388.000000 16981.000000 0.000000
5646.000000 4723.000000 4098.000000 3273.000000 2713.000000 2299.000000 16891.000000 0.000000
5821.000000 4729.000000 3939.000000 3260.000000 2703.000000 2203.000000 16727.000000 0.000000
5697.000000 4773.000000 3996.000000 3312.000000 2749.000000 2196.000000 16741.000000 0.000000
5603.000000 4799.000000 4092.000000 3148.000000 2781.000000 2281.000000 16826.000000 0.000000
5791.000000 4693.000000 3846.000000 3283.000000 2805.000000 2320.000000 16693.000000 0.000000
5600.000000 4826.000000 3918.000000 3359.000000 2761.000000 2280.000000 17061.000000 0.000000
5689.000000 4760.000000 4004.000000 3239.000000 2698.000000 2295.000000 17387.000000 0.000000
5521.000000 4719.000000 3931.000000 3286.000000 2702.000000 2347.000000 17598.000000 0.000000
5605.000000 4696.000000 3880.000000 3228.000000 2676.000000 2243.000000 18227.000000 0.000000
5510.000000 4602.000000 3974.000000 3294.000000 2712.000000 2309.000000 18334.000000 0.000000
5562.000000 4634.000000 3805.000000 3289.000000 2756.000000 2464.000000 18243.000000 0.000000
5504.000000 4685.000000 3781.000000 3246.000000 2672.000000 2316.000000 18316.000000 0.000000
5414.000000 4685.000000 3825.000000 3306.000000 2726.000000 2358.000000 18687.000000 0.000000
5410.000000 4625.000000 3918.000000 3225.000000 2728.000000 2335.000000 18682.000000 0.000000
5615.000000 4644.000000 3899.000000 3223.000000 2696.000000 2332.000000 18502.000000 0.000000
5587.000000 4780.000000 3984.000000 3157.000000 2765.000000 2302.000000 18143.000000 0.000000
5672.000000 4651.000000 3877.000000 3297.000000 2813.000000 2343.000000 17465.000000 0.000000
5681.000000 4699.000000 3995.000000 3327.000000 2726.000000 2287.000000 17414.000000 0.000000
5579.000000 4834.000000 3854.000000 3293.000000 2760.000000 2308.000000 17374.000000 0.000000
5804.000000 4661.000000 4002.000000 3257.000000 2721.000000 2300.000000 17124.000000 0.000000
5545.000000 4809.000000 4005.000000 3340.000000 2618.000000 2212.000000 17224.000000 0.000000
5799.000000 4797.000000 3955.000000 3360.000000 2680.000000 2330.000000 16844.000000 0.000000
5642.000000 4780.000000 4017.000000 3297.000000 2780.000000 2340.000000 17068.000000 0.000000
5637.000000 4739.000000 3960.000000 3328.000000 2737.000000 2343.000000 17309.000000 0.000000
5643.000000 4713.000000 3913.000000 3271.000000 2692.000000 2316.000000 17342.000000 0.000000
5712.000000 4792.000000 3939.000000 3298.000000 2803.000000 2285.000000 17246.000000 0.000000
5623.000000 4723.000000 3922.000000 3268.000000 2725.000000 2260.000000 17594.000000 0.000000
5442.000000 4670.000000 3946.000000 3318.000000 2706.000000 2315.000000 17881.000000 0.000000
5592.000000 4621.000000 3827.000000 3242.000000 2768.000000 2337.000000 17920.000000 0.000000
5588.000000 4615.000000 3741.000000 3257.000000 2716.000000 2318.000000 18280.000000 0.000000
5585.000000 4607.000000 3854.000000 3197.000000 2833.000000 2287.000000 18795.000000 0.000000
5505.000000 4575.000000 3860.000000 3237.000000 2731.000000 2293.000000 18740.000000 0.000000
5514.000000 4635.000000 3846.000000 3229.000000 2654.000000 2351.000000 19001.000000 0.000000
5333.000000 4622.000000 3743.000000 3190.000000 2688.000000 2238.000000 18966.000000 0.000000
5404.000000 4675.000000 3876.000000 3165.000000 2794.000000 2338.000000 18742.000000 0.000000
5572.000000 4588.000000 3922.000000 3428.000000 2722.000000 2335.000000 18634.000000 0.000000
5470.000000 4649.000000 4009.000000 3209.000000 2817.000000 2178.000000 18220.000000 0.000000
5595.000000 4790.000000 3857.000000 3258.000000 2752.000000 2361.000000 17777.000000 0.000000
5610.000000 4754.000000 3841.000000 3258.000000 2793.000000 2374.000000 17641.000000 0.000000
5478.000000 4773.000000 3989.000000 3209.000000 2701.000000 2269.000000 17435.000000 0.000000
5683.000000 4737.000000 3977.000000 3242.000000 2810.000000 2301.000000 17097.000000 0.000000
5719.000000 4852.000000 3893.000000 3165.000000 2714.000000 2242.000000 17371.000000 0.000000
5730.000000 4718.000000 3884.000000 3312.000000 2833.000000 2308.000000 17214.000000 0.000000
5647.000000 4747.000000 4016.000000 3276.000000 2770.000000 2319.000000 17125.000000 0.000000
5621.000000 4915.000000 3947.000000 3202.000000 2809.000000 2299.000000 17517.000000 0.000000
5621.000000 4667.000000 3906.000000 3353.000000 2849.000000 2272.000000 17639.000000 0.000000
5503.000000 4701.000000 3908.000000 3297.000000 2670.000000 2349.000000 17914.000000 0.000000
5473.000000 4703.000000 3864.000000 3167.000000 2715.000000 2317.000000 18270.000000 0.000000
5427.000000 4704.000000 3943.000000 3347.000000 2812.000000 2355.000000 18230.000000 0.000000
5390.000000 4639.000000 3891.000000 3264.000000 2721.000000 2404.000000 18562.000000 0.000000
5348.000000 4654.000000 3899.000000 3243.000000 2690.000000 2283.000000 19025.000000 0.000000
5313.000000 4587.000000 3796.000000 3287.000000 2704.000000 2304.000000 18900.000000 0.000000
5446.000000 4548.000000 3783.000000 3166.000000 2754.000000 2294.000000 19007.000000 0.000000
5246.000000 4614.000000 3805.000000 3223.000000 2686.000000 2336.000000 19025.000000 0.000000
5468.000000 4581.000000 3785.000000 3271.000000 2682.000000 2366.000000 18772.000000 0.000000
5447.000000 4734.000000 3826.000000 3267.000000 2685.000000 2267.000000 18955.000000 0.000000
5590.000000 4593.000000 4075.000000 3357.000000 2688.000000 2368.000000 18347.000000 0.000000
5573.000000 4737.000000 3863.000000 3222.000000 2726.000000 2288.000000 18137.000000 0.000000
5613.000000 4792.000000 3934.000000 3261.000000 2730.000000 2315.000000 17761.000000 0.000000
5591.000000 4839.000000 3909.000000 3281.000000 2769.000000 2277.000000 17652.000000 0.000000
5678.000000 4749.000000 4044.000000 3297.000000 2808.000000 2346.000000 17372.000000 0.000000
5628.000000 4766.000000 4062.000000 3308.000000 2711.000000 2354.000000 17503.000000 0.000000
5558.000000 4822.000000 3861.000000 3314.000000 2750.000000 2349.000000 17459.000000 0.000000
5573.000000 4819.000000 4033.000000 3261.000000 2835.000000 2400.000000 17720.000000 0.000000
5541.000000 4728.000000 3974.000000 3349.000000 2667.000000 2376.000000 17890.000000 0.000000
5608.000000 4680.000000 4007.000000 3329.000000 2793.000000 2306.000000 18037.000000 0.000000
5634.000000 4812.000000 3890.000000 3154.000000 2749.000000 2300.000000 18021.000000 0.000000
5363.000000 4624.000000 3881.000000 3274.000000 2795.000000 2236.000000 18522.000000 0.000000
5451.000000 4625.000000 3846.000000 3122.000000 2779.000000 2221.000000 18696.000000 0.000000
5387.000000 4553.000000 3949.000000 3226.000000 2671.000000 2286.000000 19148.000000 0.000000
5393.000000 4527.000000 3882.000000 3143.000000 2625.000000 2333.000000 18865.000000 0.000000
5454.000000 4537.000000 3786.000000 3219.000000 2644.000000 2367.000000 19273.000000 0.000000
5321.000000 4519.000000 3742.000000 3196.000000 2753.000000 2274.000000 19531.000000 0.000000
5286.000000 4516.000000 3828.000000 3127.000000 2680.000000 2139.000000 19277.000000 0.000000
5441.000000 4526.000000 3814.000000 3170.000000 2677.000000 2229.000000 19334.000000 0.000000
5408.000000 4567.000000 3901.000000 3337.000000 2770.000000 2245.000000 18767.000000 0.000000
5513.000000 4607.000000 3813.000000 3108.000000 2681.000000 2255.000000 18606.000000 0.000000
5424.000000 4692.000000 3828.000000 3264.000000 2723.000000 2305.000000 18437.000000 0.000000
5591.000000 4633.000000 3884.000000 3282.000000 2710.000000 2293.000000 17991.000000 0.000000
5594.000000 4671.000000 3968.000000 3290.000000 2719.000000 2248.000000 18196.000000 0.000000
5447.000000 4806.000000 3971.000000 3238.000000 2736.000000 2370.000000 17788.000000 0.000000
5553.000000 4715.000000 3931.000000 3262.000000 2731.000000 2287.000000 17933.000000 0.000000
5646.000000 4693.000000 4045.000000 3269.000000 2780.000000 2319.000000 17841.000000 0.000000
5642.000000 4780.000000 3974.000000 3288.000000 2743.000000 2325.000000 17763.000000 0.000000
5693.000000 4803.000000 3949.000000 3266.000000 2727.000000 2389.000000 17889.000000 0.000000
5454.000000 4557.000000 3931.000000 3221.000000 2768.000000 2313.000000 18137.000000 0.000000
5508.000000 4722.000000 3756.000000 3212.000000 2733.000000 2298.000000 18434.000000 0.000000
5560.000000 4630.000000 3882.000000 3221.000000 2747.000000 2291.000000 18643.000000 0.000000
5419.000000 4574.000000 3915.000000 3199.000000 2674.000000 2360.000000 18906.000000 0.000000
5484.000000 4586.000000 3880.000000 3233.000000 2735.000000 2282.000000 19026.000000 0.000000
5314.000000 4393.000000 3787.000000 3098.000000 2686.000000 2334.000000 19315.000000 0.000000
5397.000000 4458.000000 3879.000000 3230.000000 2776.000000 2236.000000 19663.000000 0.000000
5293.000000 4435.000000 3806.000000 3194.000000 2653.000000 2225.000000 19371.000000 0.000000
5195.000000 4516.000000 3840.000000 3189.000000 2662.000000 2363.000000 19472.000000 0.000000
5319.000000 4637.000000 3843.000000 3209.000000 2657.000000 2360.000000 19193.000000 0.000000
5373.000000 4531.000000 3848.000000 3274.000000 2653.000000 2245.000000 19216.000000 0.000000
5288.000000 4690.000000 3836.000000 3204.000000 2663.000000 2295.000000 18938.000000 0.000000
5495.000000 4707.000000 3843.000000 3248.000000 2761.000000 2321.000000 18330.000000 0.000000
5388.000000 4630.000000 3826.000000 3314.000000 2805.000000 2295.000000 18416.000000 0.000000
5615.000000 4673.000000 3880.000000 3263.000000 2638.000000 2337.000000 18188.000000 0.000000
5436.000000 4563.000000 3864.000000 3230.000000 2820.000000 2340.000000 18248.000000 0.000000
5553.000000 4744.000000 3932.000000 3342.000000 2730.000000 2346.000000 17988.000000 0.000000
5575.000000 4822.000000 3977.000000 3158.000000 2656.000000 2266.000000 18309.000000 0.000000
5515.000000 4728.000000 3969.000000 3229.000000 2742.000000 2361.000000 18043.000000 0.000000
5509.000000 4654.000000 3855.000000 3309.000000 2783.000000 2373.000000 18106.000000 0.000000
5593.000000 4696.000000 3951.000000 3249.000000 2696.000000 2286.000000 18354.000000 0.000000
5543.000000 4733.000000 3865.000000 3212.000000 2775.000000 2349.000000 18561.000000 0.000000
5347.000000 4503.000000 3829.000000 3231.000000 2815.000000 2418.000000 18730.000000 0.000000
5463.000000 4620.000000 3816.000000 3243.000000 2761.000000 2254.000000 19141.000000 0.000000
5154.000000 4602.000000 3874.000000 3212.000000 2639.000000 2290.000000 19691.000000 0.000000
5251.000000 4587.000000 3839.000000 3299.000000 2670.000000 2230.000000 19531.000000 0.000000
5295.000000 4448.000000 3649.000000 3157.000000 2611.000000 2288.000000 19494.000000 0.000000
5224.000000 4498.000000 3720.000000 3170.000000 2761.000000 2330.000000 19792.000000 0.000000
5272.000000 4359.000000 3766.000000 3155.000000 2652.000000 2301.000000 19743.000000 0.000000
5314.000000 4525.000000 3743.000000 3157.000000 2760.000000 2297.000000 19528.000000 0.000000
5374.000000 4595.000000 3816.000000 3252.000000 2735.000000 2346.000000 19099.000000 0.000000
5437.000000 4620.000000 3768.000000 3259.000000 2744.000000 2307.000000 18899.000000 0.000000
5359.000000 4702.000000 3961.000000 3236.000000 2795.000000 2376.000000 18671.000000 0.000000
5406.000000 4636.000000 3920.000000 3110.000000 2746.000000 2255.000000 18434.000000 0.000000
5468.000000 4748.000000 3953.000000 3309.000000 2713.000000 2311.000000 18576.000000 0.000000
5499.000000 4578.000000 3941.000000 3245.000000 2745.000000 2274.000000 18194.000000 0.000000
5433.000000 4687.000000 3898.000000 3261.000000 2778.000000 2308.000000 18114.000000 0.000000
5457.000000 4712.000000 3937.000000 3298.000000 2710.000000 2292.000000 18431.000000 0.000000
5533.000000 4691.000000 4007.000000 3319.000000 2866.000000 2289.000000 18272.000000 0.000000
5554.000000 4735.000000 3819.000000 3263.000000 2756.000000 2301.000000 18495.000000 0.000000
5398.000000 4607.000000 3772.000000 3371.000000 2698.000000 2249.000000 18461.000000 0.000000
5463.000000 4628.000000 4124.000000 3181.000000 2673.000000 2351.000000 18825.000000 0.000000
5453.000000 4535.000000 3831.000000 3158.000000 2722.000000 2292.000000 18825.000000 0.000000
5208.000000 4610.000000 3754.000000 3186.000000 2773.000000 2210.000000 19520.000000 0.000000
5303.000000 4497.000000 3885.000000 3231.000000 2673.000000 2262.000000 19525.000000 0.000000
5231.000000 4503.000000 3771.000000 3144.000000 2744.000000 2310.000000 19554.000000 0.000000
5194.000000 4458.000000 3793.000000 3073.000000 2617.000000 2199.000000 19767.000000 0.000000
5221.000000 4452.000000 3742.000000 3247.000000 2710.000000 2220.000000 20077.000000 0.000000
5236.000000 4413.000000 3734.000000 3168.000000 2627.000000 2321.000000 19848.000000 0.000000
5159.000000 4427.000000 3844.000000 3103.000000 2761.000000 2313.000000 19699.000000 0.000000
5395.000000 4629.000000 3770.000000 3162.000000 2704.000000 2332.000000 19397.000000 0.000000
5346.000000 4510.000000 3755.000000 3196.000000 2723.000000 2319.000000 19178.000000 0.000000
5280.000000 4634.000000 3783.000000 3206.000000 2683.000000 2285.000000 19038.000000 0.000000
5418.000000 4549.000000 3783.000000 3153.000000 2838.000000 2382.000000 18876.000000 0.000000
5449.000000 4662.000000 3930.000000 3188.000000 2742.000000 2240.000000 18468.000000 0.000000
5417.000000 4685.000000 3991.000000 3232.000000 2796.000000 2322.000000 18269.000000 0.000000
5500.000000 4659.000000 3885.000000 3257.000000 2710.000000 2290.000000 18389.000000 0.000000
5430.000000 4587.000000 3969.000000 3302.000000 2737.000000 2323.000000 18507.000000 0.000000
5526.000000 4734.000000 3894.000000 3302.000000 2789.000000 2361.000000 18649.000000 0.000000
5464.000000 4676.000000 3897.000000 3391.000000 2692.000000 2317.000000 18510.000000 0.000000
5427.000000 4577.000000 3788.000000 3325.000000 2727.000000 2395.000000 18707.000000 0.000000
5403.000000 4542.000000 3933.000000 3166.000000 2618.000000 2343.000000 18963.000000 0.000000
5503.000000 4631.000000 3888.000000 3252.000000 2789.000000 2337.000000 19146.000000 0.000000
5270.000000 4586.000000 3871.000000 3190.000000 2744.000000 2264.000000 19661.000000 0.000000
5149.000000 4498.000000 3773.000000 3102.000000 2802.000000 2129.000000 19695.000000 0.000000
5207.000000 4522.000000 3834.000000 3150.000000 2611.000000 2224.000000 19777.000000 0.000000
5226.000000 4535.000000 3737.000000 3234.000000 2628.000000 2257.000000 20065.000000 0.000000
5259.000000 4414.000000 3714.000000 3077.000000 2691.000000 2301.000000 20099.000000 0.000000
5214.000000 4273.000000 3675.000000 3061.000000 2558.000000 2187.000000 19962.000000 0.000000
5149.000000 4539.000000 3756.000000 3204.000000 2681.000000 2336.000000 19855.000000 0.000000
5224.000000 4603.000000 3791.000000 3118.000000 2736.000000 2254.000000 19605.000000 0.000000
5182.000000 4541.000000 3673.000000 3179.000000 2712.000000 2370.000000 19266.000000 0.000000
5408.000000 4591.000000 3813.000000 3206.000000 2703.000000 2403.000000 19125.000000 0.000000
5387.000000 4577.000000 3810.000000 3307.000000 2768.000000 2366.000000 18840.000000 0.000000
5505.000000 4645.000000 3951.000000 3240.000000 2714.000000 2296.000000 18701.000000 0.000000
5434.000000 4671.000000 3866.000000 3294.000000 2751.000000 2366.000000 18811.000000 0.000000
5363.000000 4631.000000 3918.000000 3332.000000 2712.000000 2453.000000 18750.000000 0.000000
5470.000000 4674.000000 3854.000000 3332.000000 2657.000000 2396.000000 18610.000000 0.000000
5513.000000 4598.000000 3999.000000 3356.000000 2852.000000 2355.000000 18795.000000 0.000000
5473.000000 4733.000000 3843.000000 3266.000000 2711.000000 2396.000000 18867.000000 0.000000
5548.000000 4613.000000 3824.000000 3202.000000 2783.000000 2312.000000 18793.000000 0.000000
5298.000000 4729.000000 3881.000000 3210.000000 2639.000000 2324.000000 19220.000000 0.000000
5210.000000 4599.000000 3836.000000 3228.000000 2696.000000 2295.000000 19230.000000 0.000000
5202.000000 4406.000000 3780.000000 3192.000000 2653.000000 2240.000000 19773.000000 0.000000
5177.000000 4443.000000 3854.000000 3205.000000 2684.000000 2342.000000 19842.000000 0.000000
5135.000000 4469.000000 3600.000000 3126.000000 2535.000000 2260.000000 19955.000000 0.000000
5096.000000 4518.000000 3678.000000 3125.000000 2646.000000 2338.000000 19884.000000 0.000000
5030.000000 4352.000000 3648.000000 3170.000000 2681.000000 2202.000000 20267.000000 0.000000
5117.000000 4468.000000 3689.000000 3105.000000 2706.000000 2183.000000 20101.000000 0.000000
5111.000000 4428.000000 3791.000000 3178.000000 2704.000000 2343.000000 19658.000000 0.000000
5191.000000 4436.000000 3744.000000 3173.000000 2729.000000 2210.000000 19548.000000 0.000000
5280.000000 4581.000000 3761.000000 3212.000000 2725.000000 2290.000000 19452.000000 0.000000
5397.000000 4554.000000 3860.000000 3166.000000 2742.000000 2365.000000 19178.000000 0.000000
5311.000000 4584.000000 3884.000000 3115.000000 2876.000000 2338.000000 19069.000000 0.000000
5470.000000 4502.000000 3871.000000 3192.000000 2764.000000 2259.000000 18906.000000 0.000000
5405.000000 4631.000000 3890.000000 3213.000000 2731.000000 2313.000000 18990.000000 0.000000
5390.000000 4646.000000 3865.000000 3228.000000 2804.000000 2352.000000 18882.000000 0.000000
5398.000000 4622.000000 3826.000000 3432.000000 2686.000000 2335.000000 18963.000000 0.000000
5450.000000 4655.000000 3902.000000 3165.000000 2782.000000 2318.000000 18969.000000 0.000000
5395.000000 4572.000000 3891.000000 3197.000000 2790.000000 2317.000000 18952.000000 0.000000
5419.000000 4551.000000 3794.000000 3288.000000 2675.000000 2313.000000 18830.000000 0.000000
5392.000000 4572.000000 3734.000000 3229.000000 2696.000000 2288.000000 19285.000000 0.000000
5220.000000 4430.000000 3818.000000 3213.000000 2596.000000 2361.000000 19553.000000 0.000000
5150.000000 4478.000000 3776.000000 3196.000000 2687.000000 2233.000000 19764.000000 0.000000
5066.000000 4343.000000 3705.000000 3183.000000 2614.000000 2246.000000 19978.000000 0.000000
5088.000000 4434.000000 3733.000000 3062.000000 2610.000000 2197.000000 19996.000000 0.000000
5100.000000 4444.000000 3787.000000 3170.000000 2658.000000 2261.000000 20560.000000 0.000000
5007.000000 4451.000000 3643.000000 3096.000000 2592.000000 2256.000000 20299.000000 0.000000
5091.000000 4453.000000 3787.000000 3065.000000 2568.000000 2279.000000 20351.000000 0.000000
5001.000000 4468.000000 3730.000000 3097.000000 2689.000000 2282.000000 20050.000000 0.000000
5153.000000 4455.000000 3700.000000 3161.000000 2659.000000 2299.000000 20037.000000 0.000000
5276.000000 4386.000000 3832.000000 3121.000000 2651.000000 2350.000000 19548.000000 0.000000
5338.000000 4558.000000 3786.000000 3236.000000 2715.000000 2368.000000 19502.000000 0.000000
5311.000000 4552.000000 3706.000000 3189.000000 2732.000000 2299.000000 19069.000000 0.000000
5180.000000 4644.000000 3909.000000 3309.000000 2775.000000 2387.000000 19124.000000 0.000000
5356.000000 4630.000000 3873.000000 3149.000000 2836.000000 2268.000000 18989.000000 0.000000
5406.000000 4684.000000 3928.000000 3265.000000 2757.000000 2310.000000 18887.000000 0.000000
5410.000000 4631.000000 3861.000000 3144.000000 2712.000000 2331.000000 18863.000000 0.000000
5398.000000 4659.000000 3826.000000 3128.000000 2728.000000 2324.000000 19124.000000 0.000000
5481.000000 4539.000000 3863.000000 3174.000000 2739.000000 2339.000000 18898.000000 0.000000
5436.000000 4790.000000 3834.000000 3287.000000 2730.000000 2438.000000 19104.000000 0.000000
5339.000000 4589.000000 3821.000000 3165.000000 2698.000000 2239.000000 19410.000000 0.000000
5139.000000 4502.000000 3759.000000 3188.000000 2647.000000 2298.000000 19604.000000 0.000000
5188.000000 4439.000000 3821.000000 3213.000000 2601.000000 2276.000000 19819.000000 0.000000
5087.000000 4436.000000 3724.000000 3276.000000 2699.000000 2199.000000 20167.000000 0.000000
4984.000000 4336.000000 3698.000000 3054.000000 2590.000000 2234.000000 20282.000000 0.000000
5032.000000 4352.000000 3630.000000 3224.000000 2595.000000 2232.000000 20226.000000 0.000000
5108.000000 4256.000000 3678.000000 3101.000000 2637.000000 2221.000000 20202.000000 0.000000
5053.000000 4415.000000 3611.000000 3013.000000 2640.000000 2294.000000 20353.000000 0.000000
5220.000000 4444.000000 3737.000000 3141.000000 2671.000000 2190.000000 19864.000000 0.000000
5141.000000 4333.000000 3819.000000 3138.000000 2606.000000 2297.000000 20073.000000 0.000000
5277.000000 4416.000000 3725.000000 3204.000000 2618.000000 2240.000000 19580.000000 0.000000
5327.000000 4651.000000 3767.000000 3152.000000 2695.000000 2333.000000 19388.000000 0.000000
5263.000000 4511.000000 3866.000000 3268.000000 2692.000000 2246.000000 19280.000000 0.000000
5439.000000 4601.000000 3868.000000 3343.000000 2748.000000 2273.000000 19435.000000 0.000000
5404.000000 4536.000000 3854.000000 3268.000000 2743.000000 2428.000000 19205.000000 0.000000
5437.000000 4532.000000 3775.000000 3127.000000 2802.000000 2282.000000 19166.000000 0.000000
5368.000000 4593.000000 3867.000000 3264.000000 2806.000000 2363.000000 19082.000000 0.000000
5323.000000 4573.000000 3812.000000 3254.000000 2674.000000 2323.000000 18971.000000 0.000000
5250.000000 4536.000000 3947.000000 3233.000000 2670.000000 2324.000000 19116.000000 0.000000
5304.000000 4548.000000 3891.000000 3194.000000 2687.000000 2337.000000 19382.000000 0.000000
5165.000000 4483.000000 3771.000000 3186.000000 2665.000000 2274.000000 19291.000000 0.000000
5230.000000 4549.000000 3770.000000 3183.000000 2633.000000 2383.000000 19653.000000 0.000000
5048.000000 4471.000000 3856.000000 3148.000000 2723.000000 2254.000000 20058.000000 0.000000
5096.000000 4359.000000 3669.000000 3141.000000 2661.000000 2270.000000 19991.000000 0.000000
5077.000000 4321.000000 3545.000000 3128.000000 2682.000000 2324.000000 20279.000000 0.000000
5087.000000 4450.000000 3612.000000 3057.000000 2663.000000 2236.000000 20623.000000 0.000000
5056.000000 4262.000000 3643.000000 3156.000000 2579.000000 2148.000000 20443.000000 0.000000
4932.000000 4392.000000 3598.000000 3157.000000 2624.000000 2233.000000 20389.000000 0.000000
5178.000000 4449.000000 3806.000000 3044.000000 2560.000000 2349.000000 20078.000000 0.000000
5114.000000 4435.000000 3759.000000 3167.000000 2672.000000 2306.000000 19856.000000 0.000000
5113.000000 4525.000000 3844.000000 3095.000000 2652.000000 2207.000000 20030.000000 0.000000
5190.000000 4345.000000 3751.000000 3094.000000 2659.000000 2252.000000 19649.000000 0.000000
5219.000000 4454.000000 3925.000000 3178.000000 2705.000000 2296.000000 19589.000000 0.000000
5327.000000 4490.000000 3759.000000 3144.000000 2752.000000 2323.000000 19495.000000 0.000000
5244.000000 4535.000000 3776.000000 3246.000000 2770.000000 2258.000000 19227.000000 0.000000
5242.000000 4588.000000 3899.000000 3214.000000 2744.000000 2315.000000 19266.000000 0.000000
5273.000000 4414.000000 3935.000000 3277.000000 2696.000000 2332.000000 19221.000000 0.000000
5234.000000 4557.000000 3809.000000 3248.000000 2723.000000 2401.000000 19235.000000 0.000000
5295.000000 4493.000000 3875.000000 3222.000000 2725.000000 2316.000000 19522.000000 0.000000
5213.000000 4470.000000 3807.000000 3143.000000 2679.000000 2375.000000 19361.000000 0.000000
5198.000000 4413.000000 3767.000000 3177.000000 2711.000000 2262.000000 19569.000000 0.000000
5146.000000 4362.000000 3825.000000 3204.000000 2763.000000 2354.000000 19747.000000 0.000000
4981.000000 4459.000000 3713.000000 3177.000000 2667.000000 2239.000000 20099.000000 0.000000
5014.000000 4386.000000 3721.000000 3046.000000 2607.000000 2278.000000 20305.000000 0.000000
5061.000000 4204.000000 3677.000000 3013.000000 2584.000000 2263.000000 20433.000000 0.000000
4876.000000 4282.000000 3771.000000 3042.000000 2668.000000 2319.000000 20615.000000 0.000000
4913.000000 4239.000000 3436.000000 3103.000000 2726.000000 2278.000000 20505.000000 0.000000
4993.000000 4284.000000 3679.000000 3089.000000 2625.000000 2158.000000 20198.000000 0.000000
5228.000000 4264.000000 3667.000000 3084.000000 2586.000000 2259.000000 20227.000000 0.000000
4919.000000 4410.000000 3692.000000 3082.000000 2725.000000 2311.000000 20134.000000 0.000000
5290.000000 4351.000000 3687.000000 3215.000000 2632.000000 2288.000000 19985.000000 0.000000
5157.000000 4487.000000 3701.000000 3044.000000 2616.000000 2311.000000 19685.000000 0.000000
5283.000000 4535.000000 3706.000000 3288.000000 2717.000000 2286.000000 19494.000000 0.000000
5323.000000 4464.000000 3736.000000 3192.000000 2711.000000 2304.000000 19366.000000 0.000000
5168.000000 4494.000000 3840.000000 3169.000000 2708.000000 2238.000000 19327.000000 0.000000
5222.000000 4439.000000 3800.000000 3204.000000 2756.000000 2355.000000 19477.000000 0.000000
5140.000000 4513.000000 3909.000000 3258.000000 2775.000000 2304.000000 19348.000000 0.000000
5355.000000 4466.000000 3842.000000 3116.000000 2753.000000 2344.000000 19270.000000 0.000000
5285.000000 4547.000000 3749.000000 3199.000000 2705.000000 2266.000000 19550.000000 0.000000
5266.000000 4484.000000 3923.000000 3208.000000 2704.000000 2384.000000 19627.000000 0.000000
5228.000000 4452.000000 3738.000000 3278.000000 2643.000000 2289.000000 19779.000000 0.000000
5168.000000 4567.000000 3785.000000 3257.000000 2702.000000 2274.000000 19971.000000 0.000000
5248.000000 4443.000000 3631.000000 3141.000000 2671.000000 2229.000000 19912.000000 0.000000
5092.000000 4378.000000 3637.000000 3180.000000 2623.000000 2261.000000 19975.000000 0.000000
5109.000000 4225.000000 3659.000000 3087.000000 2605.000000 2247.000000 20534.000000 0.000000
4899.000000 4394.000000 3574.000000 3074.000000 2592.000000 2173.000000 20754.000000 0.000000
4894.000000 4303.000000 3569.000000 3098.000000 2527.000000 2193.000000 20871.000000 0.000000
4867.000000 4344.000000 3580.000000 3073.000000 2592.000000 2226.000000 20643.000000 0.000000
4886.000000 4276.000000 3634.000000 3170.000000 2575.000000 2310.000000 20491.000000 0.000000
5063.000000 4531.000000 3617.000000 3093.000000 2680.000000 2190.000000 20148.000000 0.000000
5171.000000 4476.000000 3737.000000 3173.000000 2703.000000 2276.000000 19817.000000 0.000000
4992.000000 4438.000000 3692.000000 3128.000000 2699.000000 2209.000000 20142.000000 0.000000
5250.000000 4486.000000 3792.000000 3110.000000 2749.000000 2263.000000 19804.000000 0.000000
5207.000000 4349.000000 3702.000000 3181.000000 2671.000000 2330.000000 19460.000000 0.000000
5330.000000 4471.000000 3853.000000 3231.000000 2668.000000 2340.000000 19453.000000 0.000000
5193.000000 4494.000000 3955.000000 3192.000000 2734.000000 2415.000000 19571.000000 0.000000
5197.000000 4461.000000 3852.000000 3152.000000 2682.000000 2265.000000 19595.000000 0.000000
5289.000000 4495.000000 3865.000000 3118.000000 2760.000000 2268.000000 19523.000000 0.000000
5314.000000 4591.000000 3831.000000 3205.000000 2738.000000 2282.000000 19696.000000 0.000000
5279.000000 4449.000000 3670.000000 3193.000000 2675.000000 2360.000000 19480.000000 0.000000
5279.000000 4469.000000 3715.000000 3193.000000 2788.000000 2270.000000 19755.000000 0.000000
5152.000000 4447.000000 3739.000000 3057.000000 2704.000000 2362.000000 20090.000000 0.000000
4984.000000 4330.000000 3623.000000 3104.000000 2629.000000 2261.000000 20171.000000 0.000000
5156.000000 4380.000000 3621.000000 3087.000000 2653.000000 2215.000000 20269.000000 0.000000
5041.000000 4338.000000 3629.000000 3080.000000 2701.000000 2214.000000 20447.000000 0.000000
4887.000000 4340.000000 3554.000000 3062.000000 2633.000000 2176.000000 20723.000000 0.000000
