0.104009 0.115961 0.102047 0.149014 0.089556 0.053970 0.032667 0.019880 0.012344 0.021440
0.103677 0.115707 0.102107 0.149496 0.090775 0.053894 0.032260 0.019910 0.012272 0.021616
0.104039 0.116287 0.101305 0.149068 0.090302 0.054291 0.032193 0.019791 0.012318 0.021393
0.104453 0.116173 0.101871 0.148719 0.090053 0.053900 0.032327 0.019706 0.012258 0.021565
0.104499 0.115878 0.101589 0.149786 0.090397 0.053556 0.032456 0.020164 0.012480 0.021476
0.102009 0.115736 0.102028 0.149074 0.091367 0.054156 0.033064 0.020166 0.012606 0.022210
0.103128 0.115177 0.100896 0.149965 0.091263 0.054287 0.033142 0.020408 0.012498 0.021860
0.104272 0.116318 0.101279 0.148810 0.090554 0.054385 0.032741 0.019977 0.012096 0.021831
0.103058 0.115706 0.102193 0.149328 0.091466 0.054204 0.033175 0.020086 0.012282 0.021734
0.100770 0.114219 0.100999 0.149997 0.092226 0.055405 0.033935 0.020717 0.013147 0.022919
0.101739 0.114789 0.100870 0.150655 0.091619 0.055592 0.033444 0.020509 0.013102 0.022806
0.103363 0.115167 0.102324 0.150149 0.092045 0.054188 0.032794 0.019669 0.012765 0.021923
0.101892 0.114753 0.101861 0.150986 0.092406 0.055191 0.033020 0.020347 0.012594 0.022092
0.099322 0.112996 0.101362 0.152152 0.093997 0.056678 0.034493 0.021123 0.013302 0.023439
0.098755 0.113938 0.101014 0.152270 0.094135 0.056109 0.034324 0.021053 0.013009 0.023378
0.101181 0.114046 0.101109 0.150292 0.092565 0.054751 0.033467 0.020400 0.012681 0.022575
