0.011879 0.010745 0.009614 0.008591 0.007585 0.006645 0.007833 0.006635 0.005830 0.005169 0.005377 0.004531 0.003887 0.003305 0.002959 0.002963 0.002363 0.002204 0.002110 0.001846 0.001924 0.013173
0.011581 0.010439 0.009868 0.008879 0.007733 0.006658 0.007834 0.006711 0.005613 0.005084 0.005440 0.004498 0.003844 0.003236 0.002901 0.002986 0.002545 0.002074 0.002261 0.001818 0.001997 0.013176
0.011879 0.010736 0.009772 0.008566 0.007712 0.006951 0.007654 0.006873 0.005548 0.004990 0.005401 0.004481 0.003827 0.003245 0.002847 0.002824 0.002557 0.002156 0.002005 0.001776 0.001910 0.013083
0.011410 0.010882 0.009724 0.008641 0.007586 0.006682 0.007906 0.006734 0.005826 0.004988 0.005318 0.004601 0.003840 0.003452 0.002833 0.002912 0.002537 0.002046 0.002056 0.001810 0.001963 0.012892
0.012049 0.010493 0.009658 0.008716 0.007544 0.006874 0.007778 0.006729 0.005938 0.005240 0.005463 0.004388 0.004000 0.003203 0.002864 0.002800 0.002516 0.002144 0.002114 0.001707 0.001922 0.012981
0.011730 0.010824 0.009584 0.008741 0.007736 0.006854 0.007939 0.006697 0.005620 0.004930 0.005711 0.004606 0.003744 0.003372 0.002834 0.002905 0.002452 0.002144 0.002152 0.001790 0.001973 0.013723
0.011890 0.010688 0.009633 0.008567 0.007492 0.006705 0.008031 0.006785 0.005944 0.005062 0.005465 0.004471 0.003891 0.003293 0.002844 0.002858 0.002564 0.002170 0.002172 0.001836 0.001993 0.013496
0.011850 0.010741 0.009864 0.008406 0.007686 0.006850 0.007879 0.006709 0.005956 0.005087 0.005425 0.004398 0.003772 0.003205 0.002826 0.002915 0.002498 0.002089 0.002138 0.001757 0.001985 0.013169
0.012037 0.010964 0.009572 0.008467 0.007642 0.006546 0.007938 0.006799 0.005861 0.004855 0.005489 0.004560 0.003813 0.003131 0.002966 0.003077 0.002479 0.002117 0.002064 0.001805 0.002081 0.013240
0.011628 0.010577 0.009436 0.008530 0.007683 0.006769 0.008150 0.006700 0.005682 0.005032 0.005457 0.004637 0.004064 0.003287 0.003037 0.003061 0.002544 0.002095 0.002321 0.001920 0.002053 0.013745
0.012056 0.010718 0.009596 0.008399 0.007646 0.006958 0.008071 0.006697 0.005872 0.005176 0.005311 0.004729 0.004027 0.003378 0.002999 0.003048 0.002577 0.002197 0.002175 0.001913 0.001975 0.013935
0.011664 0.010581 0.009617 0.008605 0.007573 0.006844 0.008080 0.006711 0.006025 0.004942 0.005516 0.004618 0.003870 0.003222 0.002918 0.002984 0.002352 0.002175 0.002177 0.001793 0.001922 0.013091
0.012051 0.010624 0.009614 0.008517 0.007713 0.006829 0.007819 0.006666 0.005888 0.005187 0.005378 0.004461 0.003875 0.003234 0.002797 0.002737 0.002531 0.002266 0.002183 0.001877 0.001897 0.013596
0.011909 0.010678 0.009509 0.008552 0.007699 0.006993 0.007783 0.006673 0.005959 0.005232 0.005657 0.004826 0.004102 0.003557 0.002887 0.003086 0.002700 0.002344 0.002311 0.001976 0.002092 0.014038
0.011750 0.010897 0.009541 0.008465 0.007598 0.006947 0.007715 0.006768 0.005947 0.005205 0.005438 0.004781 0.003964 0.003397 0.003089 0.003121 0.002605 0.002180 0.002212 0.001955 0.002104 0.014507
0.012232 0.010963 0.009862 0.008536 0.007578 0.006793 0.007880 0.006769 0.005771 0.004980 0.005417 0.004475 0.003731 0.003193 0.002853 0.002918 0.002654 0.002052 0.002147 0.001900 0.002022 0.013178
