0.065905 0.081366 0.081089 0.138671 0.099559 0.067815 0.046392 0.032162 0.021822 0.048445
0.065703 0.082066 0.080714 0.137429 0.100185 0.069118 0.047432 0.032274 0.022125 0.049169
0.065274 0.079946 0.080028 0.137064 0.100614 0.069384 0.047488 0.032426 0.022742 0.049617
0.063478 0.077612 0.079082 0.136620 0.100933 0.070446 0.048623 0.033814 0.023076 0.052455
0.062283 0.076429 0.077981 0.137123 0.100797 0.071326 0.049213 0.034183 0.023850 0.054529
0.060924 0.076281 0.076731 0.135792 0.101313 0.072043 0.049424 0.035061 0.024494 0.055997
0.059529 0.073881 0.076490 0.135501 0.101817 0.072226 0.050529 0.035204 0.025014 0.057684
0.058409 0.073339 0.075274 0.133079 0.101851 0.072596 0.051458 0.035923 0.025445 0.060077
0.057501 0.072327 0.074425 0.133547 0.101889 0.072787 0.052034 0.036541 0.026280 0.061229
0.056225 0.071862 0.074269 0.131823 0.101530 0.074265 0.052435 0.037277 0.026091 0.062653
0.056166 0.071260 0.073237 0.131264 0.102002 0.073717 0.052673 0.037505 0.026454 0.065195
0.055542 0.070341 0.072300 0.130518 0.100780 0.073324 0.053004 0.037550 0.026791 0.066162
0.055003 0.070108 0.072000 0.131397 0.101628 0.073812 0.053364 0.038001 0.027416 0.067085
0.054289 0.069335 0.072266 0.130319 0.101582 0.074207 0.053189 0.038372 0.027859 0.068949
0.054293 0.068876 0.071377 0.129322 0.101204 0.074255 0.054574 0.038670 0.028055 0.070751
0.053712 0.068419 0.071222 0.128301 0.100894 0.075085 0.054272 0.039195 0.028391 0.070973
0.053521 0.068359 0.070813 0.129893 0.100583 0.074960 0.053846 0.039276 0.028651 0.071764
0.053685 0.068400 0.070583 0.128854 0.100984 0.074307 0.054023 0.039274 0.028506 0.072714
0.053378 0.068150 0.070261 0.128090 0.101328 0.075079 0.054135 0.039454 0.028734 0.074310
