0.066252 0.081250 0.080879 0.137470 0.099961 0.067933 0.046751 0.031737 0.021730 0.048497
0.066275 0.081124 0.080638 0.137879 0.100340 0.069176 0.046866 0.032349 0.022165 0.048304
0.065479 0.080962 0.079897 0.137631 0.099975 0.068751 0.047201 0.032359 0.022177 0.049549
0.064805 0.080463 0.079722 0.137179 0.100438 0.069287 0.047700 0.032478 0.022832 0.050189
0.063623 0.078049 0.078929 0.136547 0.101048 0.070364 0.048097 0.033116 0.022790 0.051945
0.063195 0.077759 0.078515 0.136900 0.100987 0.070968 0.048459 0.033812 0.023101 0.053301
0.061518 0.076754 0.077302 0.135507 0.101408 0.071495 0.049525 0.034896 0.023787 0.055177
0.061178 0.075526 0.076790 0.135000 0.102420 0.072062 0.050406 0.034552 0.024144 0.056706
0.059673 0.074426 0.075884 0.134204 0.101079 0.072551 0.050891 0.035991 0.024856 0.058452
0.058882 0.072958 0.075088 0.132442 0.102201 0.072836 0.051632 0.036698 0.025414 0.059620
0.057260 0.072313 0.074035 0.133509 0.102365 0.073036 0.052128 0.036248 0.025822 0.061329
0.057524 0.072459 0.074009 0.131836 0.101971 0.073224 0.052405 0.036699 0.026669 0.063022
0.056462 0.070422 0.073772 0.131382 0.101554 0.074067 0.052042 0.037372 0.026180 0.064519
0.056275 0.070550 0.072024 0.130881 0.101648 0.073966 0.053066 0.038074 0.026869 0.065477
0.055247 0.069876 0.072644 0.131412 0.101321 0.073682 0.053838 0.037992 0.027676 0.067378
0.054657 0.069582 0.072394 0.129980 0.101219 0.074494 0.053690 0.038144 0.027681 0.068771
0.053565 0.068397 0.071909 0.130116 0.101166 0.074767 0.053345 0.038529 0.027850 0.070113
0.053497 0.068226 0.071706 0.129724 0.100946 0.074903 0.054298 0.039019 0.028128 0.070935
0.054101 0.068391 0.070855 0.128719 0.101199 0.075005 0.054069 0.038852 0.028034 0.071989
