29214.000000 33428.000000 30081.000000 45510.000000 28385.000000 17053.000000 10411.000000 6285.000000 4105.000000 7111.000000 0.000000
29022.000000 33411.000000 30085.000000 45510.000000 27885.000000 17170.000000 10645.000000 6486.000000 4055.000000 7226.000000 0.000000
29393.000000 33471.000000 29761.000000 45177.000000 28325.000000 17210.000000 10293.000000 6418.000000 3990.000000 7087.000000 0.000000
29441.000000 34002.000000 30005.000000 45173.000000 28051.000000 16916.000000 10288.000000 6484.000000 3935.000000 7034.000000 0.000000
29570.000000 33897.000000 30002.000000 45345.000000 28008.000000 16709.000000 10148.000000 6323.000000 3859.000000 6965.000000 0.000000
29936.000000 33934.000000 30121.000000 45357.000000 28013.000000 16510.000000 10255.000000 6101.000000 3824.000000 6778.000000 0.000000
29976.000000 34240.000000 29919.000000 45213.000000 27567.000000 16685.000000 10120.000000 6206.000000 3802.000000 6668.000000 0.000000
30184.000000 33911.000000 30776.000000 44827.000000 27537.000000 16511.000000 9926.000000 6113.000000 3975.000000 6677.000000 0.000000
30398.000000 34079.000000 30313.000000 45016.000000 27437.000000 16243.000000 9883.000000 6182.000000 3809.000000 6769.000000 0.000000
30322.000000 34286.000000 30455.000000 44902.000000 27479.000000 16356.000000 9946.000000 6090.000000 3777.000000 6719.000000 0.000000
30251.000000 34081.000000 30402.000000 44952.000000 27703.000000 16313.000000 10049.000000 6118.000000 3743.000000 6579.000000 0.000000
30147.000000 34186.000000 30197.000000 45151.000000 27395.000000 16411.000000 10020.000000 6098.000000 3815.000000 6746.000000 0.000000
30027.000000 34680.000000 30111.000000 45348.000000 27249.000000 16433.000000 10098.000000 6241.000000 3820.000000 6709.000000 0.000000
29736.000000 33924.000000 30048.000000 45144.000000 27860.000000 16544.000000 10216.000000 6347.000000 3747.000000 6959.000000 0.000000
29914.000000 34136.000000 30080.000000 45307.000000 27887.000000 16596.000000 10083.000000 6201.000000 3849.000000 6762.000000 0.000000
29582.000000 33782.000000 30273.000000 45386.000000 28089.000000 16649.000000 10279.000000 6194.000000 4074.000000 6843.000000 0.000000
29586.000000 33618.000000 30266.000000 45376.000000 28171.000000 16967.000000 10151.000000 6389.000000 3986.000000 6898.000000 0.000000
29529.000000 33547.000000 30041.000000 45255.000000 28382.000000 17020.000000 10226.000000 6317.000000 3947.000000 7219.000000 0.000000
29272.000000 33203.000000 30307.000000 45142.000000 28373.000000 17087.000000 10409.000000 6337.000000 3931.000000 7171.000000 0.000000
29338.000000 33571.000000 30052.000000 45449.000000 28053.000000 17331.000000 10416.000000 6338.000000 3982.000000 7364.000000 0.000000
28495.000000 33390.000000 30205.000000 45463.000000 28360.000000 17545.000000 10840.000000 6720.000000 4214.000000 7452.000000 0.000000
28771.000000 33272.000000 29941.000000 45085.000000 28583.000000 17429.000000 10724.000000 6716.000000 4263.000000 7499.000000 0.000000
28563.000000 33501.000000 30195.000000 45476.000000 28544.000000 17293.000000 10491.000000 6510.000000 4052.000000 7361.000000 0.000000
28941.000000 33430.000000 29917.000000 45394.000000 28465.000000 17349.000000 10550.000000 6495.000000 4184.000000 7398.000000 0.000000
28632.000000 33386.000000 30062.000000 45587.000000 27981.000000 17279.000000 10585.000000 6550.000000 4064.000000 7228.000000 0.000000
29054.000000 33872.000000 30350.000000 45223.000000 28295.000000 16966.000000 10227.000000 6408.000000 3978.000000 7044.000000 0.000000
29453.000000 34064.000000 30204.000000 45588.000000 27720.000000 17051.000000 10074.000000 6281.000000 3942.000000 6897.000000 0.000000
29852.000000 34113.000000 30213.000000 45200.000000 27485.000000 16739.000000 10340.000000 6254.000000 3950.000000 6990.000000 0.000000
29748.000000 34010.000000 30132.000000 45346.000000 27880.000000 16598.000000 10026.000000 6326.000000 4032.000000 6930.000000 0.000000
29914.000000 33818.000000 30198.000000 45294.000000 27997.000000 16651.000000 10302.000000 6305.000000 3776.000000 6998.000000 0.000000
30086.000000 33418.000000 30408.000000 45507.000000 27825.000000 16610.000000 10128.000000 6317.000000 3946.000000 6809.000000 0.000000
29773.000000 33865.000000 30128.000000 45039.000000 28052.000000 16578.000000 10283.000000 6233.000000 3880.000000 6794.000000 0.000000
29607.000000 34018.000000 30351.000000 45357.000000 27904.000000 16900.000000 10278.000000 6154.000000 3883.000000 6932.000000 0.000000
29608.000000 33647.000000 30150.000000 45502.000000 28208.000000 16670.000000 10357.000000 6466.000000 3954.000000 6989.000000 0.000000
29132.000000 33776.000000 30158.000000 45232.000000 28069.000000 17068.000000 10350.000000 6475.000000 4082.000000 6935.000000 0.000000
29088.000000 33574.000000 30283.000000 45166.000000 28126.000000 17185.000000 10389.000000 6446.000000 4035.000000 7096.000000 0.000000
28909.000000 33189.000000 30086.000000 45397.000000 28269.000000 17264.000000 10589.000000 6610.000000 4189.000000 7260.000000 0.000000
28780.000000 33301.000000 30091.000000 45399.000000 28546.000000 17343.000000 10603.000000 6469.000000 4221.000000 7443.000000 0.000000
28479.000000 32960.000000 30034.000000 45827.000000 28674.000000 17578.000000 10630.000000 6703.000000 4164.000000 7515.000000 0.000000
28544.000000 33246.000000 29841.000000 45905.000000 28519.000000 17406.000000 10712.000000 6701.000000 4142.000000 7343.000000 0.000000
28138.000000 32569.000000 29997.000000 45563.000000 28693.000000 17896.000000 10938.000000 6895.000000 4317.000000 7792.000000 0.000000
27912.000000 33132.000000 29737.000000 45745.000000 28767.000000 17782.000000 11133.000000 7101.000000 4321.000000 7681.000000 0.000000
28276.000000 32540.000000 29723.000000 45854.000000 29013.000000 17564.000000 11066.000000 6716.000000 4196.000000 7669.000000 0.000000
28323.000000 32927.000000 29877.000000 45540.000000 28685.000000 17563.000000 10776.000000 6842.000000 4295.000000 7644.000000 0.000000
28252.000000 33013.000000 30001.000000 45793.000000 28737.000000 17474.000000 10592.000000 6722.000000 4203.000000 7534.000000 0.000000
28579.000000 33382.000000 30219.000000 45387.000000 28557.000000 17347.000000 10534.000000 6656.000000 4078.000000 7533.000000 0.000000
28747.000000 33360.000000 30234.000000 45237.000000 28753.000000 17290.000000 10457.000000 6706.000000 4165.000000 7167.000000 0.000000
29211.000000 33636.000000 30114.000000 45541.000000 28355.000000 16988.000000 10430.000000 6417.000000 4065.000000 7207.000000 0.000000
29139.000000 33639.000000 30163.000000 45186.000000 28266.000000 17097.000000 10453.000000 6569.000000 3972.000000 7225.000000 0.000000
29248.000000 33761.000000 30092.000000 45612.000000 28115.000000 16922.000000 10229.000000 6382.000000 4021.000000 6946.000000 0.000000
29063.000000 33438.000000 29943.000000 45392.000000 28404.000000 16905.000000 10275.000000 6397.000000 3932.000000 7133.000000 0.000000
29369.000000 33332.000000 30067.000000 45462.000000 28284.000000 17070.000000 10444.000000 6513.000000 3975.000000 6980.000000 0.000000
28923.000000 33457.000000 30041.000000 45480.000000 28366.000000 17090.000000 10546.000000 6632.000000 4079.000000 7213.000000 0.000000
28976.000000 33219.000000 30035.000000 45389.000000 28477.000000 17190.000000 10654.000000 6565.000000 4161.000000 7424.000000 0.000000
28724.000000 32882.000000 30001.000000 45742.000000 28584.000000 17448.000000 10600.000000 6623.000000 4166.000000 7317.000000 0.000000
28670.000000 32749.000000 29967.000000 45477.000000 28867.000000 17605.000000 10765.000000 6792.000000 4193.000000 7687.000000 0.000000
28302.000000 32726.000000 29907.000000 45495.000000 28756.000000 17696.000000 10795.000000 6814.000000 4291.000000 7676.000000 0.000000
28333.000000 32845.000000 29767.000000 45260.000000 29249.000000 17680.000000 11055.000000 6785.000000 4292.000000 7678.000000 0.000000
28168.000000 32725.000000 29809.000000 45587.000000 29064.000000 17734.000000 11061.000000 6785.000000 4378.000000 7786.000000 0.000000
27995.000000 32522.000000 29783.000000 45762.000000 28871.000000 17740.000000 10938.000000 6804.000000 4330.000000 7756.000000 0.000000
27256.000000 32200.000000 29634.000000 46094.000000 29512.000000 18217.000000 11262.000000 7093.000000 4364.000000 8230.000000 0.000000
27736.000000 32133.000000 29766.000000 45833.000000 29110.000000 18063.000000 11286.000000 7128.000000 4360.000000 8302.000000 0.000000
27673.000000 32492.000000 29608.000000 45684.000000 29153.000000 18132.000000 11176.000000 7119.000000 4371.000000 8238.000000 0.000000
27643.000000 32227.000000 29811.000000 45908.000000 28999.000000 17870.000000 11272.000000 6953.000000 4446.000000 8033.000000 0.000000
27911.000000 32787.000000 29842.000000 45478.000000 28958.000000 17745.000000 11124.000000 6759.000000 4285.000000 7801.000000 0.000000
28186.000000 32834.000000 29784.000000 45414.000000 28988.000000 17788.000000 11024.000000 6765.000000 4352.000000 7753.000000 0.000000
28443.000000 32770.000000 29990.000000 45632.000000 28837.000000 17480.000000 10771.000000 6638.000000 4161.000000 7539.000000 0.000000
28184.000000 33529.000000 29628.000000 45574.000000 28874.000000 17480.000000 10747.000000 6718.000000 4175.000000 7476.000000 0.000000
28420.000000 33341.000000 29838.000000 45685.000000 28703.000000 17523.000000 10697.000000 6492.000000 4240.000000 7365.000000 0.000000
28304.000000 33163.000000 30258.000000 45480.000000 28669.000000 17566.000000 10623.000000 6574.000000 4051.000000 7204.000000 0.000000
28789.000000 33393.000000 29877.000000 45498.000000 28732.000000 17138.000000 10539.000000 6659.000000 4198.000000 7284.000000 0.000000
28673.000000 33272.000000 30055.000000 45494.000000 28717.000000 17321.000000 10475.000000 6553.000000 4133.000000 7311.000000 0.000000
28432.000000 33145.000000 29977.000000 45596.000000 28370.000000 17693.000000 10806.000000 6629.000000 4253.000000 7328.000000 0.000000
28519.000000 32917.000000 29945.000000 45380.000000 28835.000000 17639.000000 10661.000000 6707.000000 4120.000000 7643.000000 0.000000
27582.000000 32892.000000 29829.000000 45640.000000 28947.000000 17794.000000 11074.000000 6982.000000 4368.000000 8040.000000 0.000000
27670.000000 32171.000000 29670.000000 45824.000000 29022.000000 18026.000000 11383.000000 6946.000000 4529.000000 8065.000000 0.000000
27712.000000 32346.000000 29712.000000 46027.000000 29176.000000 18207.000000 11011.000000 7073.000000 4459.000000 8139.000000 0.000000
27469.000000 32256.000000 29450.000000 45989.000000 29247.000000 18214.000000 11212.000000 7265.000000 4440.000000 8333.000000 0.000000
26937.000000 31957.000000 29307.000000 45749.000000 29420.000000 18739.000000 11519.000000 7200.000000 4686.000000 8545.000000 0.000000
26691.000000 31911.000000 29181.000000 45989.000000 29674.000000 18617.000000 11415.000000 7337.000000 4670.000000 8428.000000 0.000000
27006.000000 32004.000000 29387.000000 46208.000000 29341.000000 18306.000000 11404.000000 7234.000000 4613.000000 8399.000000 0.000000
27120.000000 32271.000000 29897.000000 45588.000000 29441.000000 18203.000000 11342.000000 7006.000000 4614.000000 8331.000000 0.000000
27443.000000 32446.000000 29784.000000 45840.000000 29282.000000 18064.000000 11338.000000 7030.000000 4419.000000 8103.000000 0.000000
27708.000000 32313.000000 29679.000000 45910.000000 29270.000000 17967.000000 11107.000000 6901.000000 4413.000000 8072.000000 0.000000
27614.000000 32624.000000 29757.000000 45499.000000 28973.000000 17901.000000 11180.000000 6936.000000 4363.000000 7822.000000 0.000000
27945.000000 32877.000000 30008.000000 45653.000000 28917.000000 17736.000000 11047.000000 6729.000000 4332.000000 7836.000000 0.000000
28045.000000 32747.000000 29989.000000 45500.000000 29076.000000 17777.000000 10950.000000 6791.000000 4330.000000 7613.000000 0.000000
28140.000000 32761.000000 30070.000000 45892.000000 28788.000000 17527.000000 10907.000000 6761.000000 4310.000000 7521.000000 0.000000
28110.000000 32831.000000 29810.000000 45261.000000 29037.000000 17660.000000 11026.000000 6752.000000 4366.000000 7690.000000 0.000000
27841.000000 32992.000000 29983.000000 45859.000000 28878.000000 17775.000000 10943.000000 6777.000000 4293.000000 7681.000000 0.000000
28265.000000 32550.000000 30099.000000 45281.000000 28850.000000 17740.000000 10947.000000 6906.000000 4336.000000 7839.000000 0.000000
27888.000000 32820.000000 29550.000000 45683.000000 29008.000000 17911.000000 11003.000000 6860.000000 4308.000000 7851.000000 0.000000
27406.000000 32723.000000 29772.000000 45655.000000 29263.000000 18100.000000 11090.000000 7009.000000 4405.000000 8141.000000 0.000000
27574.000000 32265.000000 29794.000000 45659.000000 29385.000000 17952.000000 11098.000000 7158.000000 4464.000000 8106.000000 0.000000
27242.000000 31907.000000 29877.000000 45737.000000 29477.000000 18210.000000 11368.000000 7154.000000 4552.000000 8216.000000 0.000000
27242.000000 31837.000000 29474.000000 45657.000000 29621.000000 18344.000000 11597.000000 7248.000000 4515.000000 8426.000000 0.000000
26826.000000 31847.000000 29260.000000 45673.000000 29544.000000 18475.000000 11546.000000 7441.000000 4625.000000 8485.000000 0.000000
26752.000000 31993.000000 29444.000000 45559.000000 29626.000000 18471.000000 11550.000000 7257.000000 4790.000000 8568.000000 0.000000
26472.000000 31688.000000 29487.000000 45857.000000 29509.000000 18904.000000 11678.000000 7559.000000 4693.000000 8796.000000 0.000000
26418.000000 31481.000000 28870.000000 45943.000000 30189.000000 18598.000000 11897.000000 7469.000000 4792.000000 8863.000000 0.000000
26688.000000 31413.000000 29247.000000 46193.000000 29819.000000 18633.000000 11722.000000 7414.000000 4710.000000 8725.000000 0.000000
26757.000000 31710.000000 29437.000000 46231.000000 29363.000000 18619.000000 11514.000000 7111.000000 4672.000000 8622.000000 0.000000
27253.000000 31833.000000 29481.000000 45337.000000 29276.000000 18453.000000 11519.000000 7397.000000 4581.000000 8601.000000 0.000000
27375.000000 32181.000000 29343.000000 45741.000000 29138.000000 18453.000000 11350.000000 7325.000000 4398.000000 8293.000000 0.000000
27422.000000 32497.000000 29643.000000 45688.000000 29234.000000 18075.000000 11129.000000 7189.000000 4452.000000 8172.000000 0.000000
27514.000000 32265.000000 29638.000000 45622.000000 29300.000000 18226.000000 11216.000000 7173.000000 4381.000000 7863.000000 0.000000
27608.000000 32771.000000 29487.000000 45897.000000 29218.000000 18180.000000 11195.000000 7044.000000 4446.000000 7979.000000 0.000000
27545.000000 32532.000000 29459.000000 45901.000000 29317.000000 17909.000000 11130.000000 7080.000000 4415.000000 8059.000000 0.000000
27583.000000 32312.000000 29512.000000 45768.000000 29324.000000 18152.000000 11065.000000 7027.000000 4516.000000 7997.000000 0.000000
27317.000000 32506.000000 29693.000000 45764.000000 29058.000000 18319.000000 11301.000000 6977.000000 4352.000000 7928.000000 0.000000
27688.000000 32307.000000 29549.000000 45888.000000 29405.000000 17945.000000 11300.000000 7040.000000 4394.000000 8040.000000 0.000000
27155.000000 32061.000000 29851.000000 46044.000000 29510.000000 18135.000000 11221.000000 7051.000000 4365.000000 8243.000000 0.000000
27128.000000 32204.000000 29308.000000 45817.000000 29520.000000 18376.000000 11289.000000 7193.000000 4568.000000 8241.000000 0.000000
27051.000000 32082.000000 29406.000000 45935.000000 29539.000000 18204.000000 11453.000000 7044.000000 4727.000000 8655.000000 0.000000
26673.000000 32129.000000 29316.000000 45577.000000 29955.000000 18771.000000 11588.000000 7444.000000 4750.000000 8496.000000 0.000000
26472.000000 31614.000000 29536.000000 45807.000000 30046.000000 18795.000000 11608.000000 7456.000000 4736.000000 8671.000000 0.000000
26583.000000 31677.000000 29584.000000 45722.000000 30030.000000 18754.000000 11663.000000 7319.000000 4736.000000 8725.000000 0.000000
26416.000000 31790.000000 29268.000000 45951.000000 29875.000000 18678.000000 11622.000000 7534.000000 4836.000000 8920.000000 0.000000
25980.000000 31253.000000 29160.000000 45900.000000 30016.000000 18990.000000 12033.000000 7626.000000 4986.000000 9151.000000 0.000000
26124.000000 31547.000000 29130.000000 45828.000000 30263.000000 19087.000000 12005.000000 7378.000000 4701.000000 9237.000000 0.000000
26100.000000 31510.000000 29228.000000 45894.000000 30077.000000 18817.000000 12073.000000 7646.000000 4801.000000 8977.000000 0.000000
26476.000000 31635.000000 29654.000000 45891.000000 29645.000000 18534.000000 11658.000000 7538.000000 4759.000000 8878.000000 0.000000
26377.000000 32073.000000 29457.000000 45949.000000 29596.000000 18642.000000 11701.000000 7392.000000 4717.000000 8682.000000 0.000000
26498.000000 31734.000000 29676.000000 45728.000000 29802.000000 18535.000000 11578.000000 7343.000000 4668.000000 8423.000000 0.000000
26996.000000 31957.000000 29180.000000 45914.000000 29420.000000 18531.000000 11706.000000 7353.000000 4488.000000 8515.000000 0.000000
26969.000000 31955.000000 29531.000000 46086.000000 29222.000000 18419.000000 11377.000000 7199.000000 4665.000000 8417.000000 0.000000
27503.000000 32073.000000 29424.000000 45647.000000 29461.000000 18395.000000 11265.000000 7250.000000 4496.000000 8166.000000 0.000000
27197.000000 32227.000000 29470.000000 46205.000000 29525.000000 18101.000000 11458.000000 7215.000000 4601.000000 8156.000000 0.000000
27279.000000 31837.000000 29447.000000 45585.000000 29497.000000 18278.000000 11341.000000 7045.000000 4617.000000 8219.000000 0.000000
27062.000000 31766.000000 29536.000000 45954.000000 29586.000000 18422.000000 11268.000000 7128.000000 4578.000000 8312.000000 0.000000
26887.000000 32027.000000 29687.000000 45668.000000 29692.000000 18556.000000 11467.000000 7240.000000 4488.000000 8222.000000 0.000000
26882.000000 32169.000000 29540.000000 45605.000000 29573.000000 18542.000000 11511.000000 7348.000000 4637.000000 8439.000000 0.000000
26619.000000 32024.000000 29346.000000 45845.000000 29768.000000 18409.000000 11652.000000 7428.000000 4654.000000 8495.000000 0.000000
26637.000000 31591.000000 29648.000000 45730.000000 29722.000000 18684.000000 11697.000000 7435.000000 4780.000000 8589.000000 0.000000
26505.000000 31759.000000 29277.000000 46063.000000 29822.000000 18723.000000 11695.000000 7517.000000 4825.000000 8637.000000 0.000000
26527.000000 31059.000000 29143.000000 45920.000000 29960.000000 19237.000000 12040.000000 7548.000000 4859.000000 9014.000000 0.000000
25672.000000 31263.000000 29160.000000 45960.000000 30259.000000 18855.000000 11981.000000 7626.000000 5034.000000 9388.000000 0.000000
26228.000000 31241.000000 29302.000000 46023.000000 30126.000000 18843.000000 12094.000000 7658.000000 4863.000000 9117.000000 0.000000
25603.000000 30976.000000 29085.000000 45723.000000 30578.000000 19321.000000 12155.000000 7923.000000 5150.000000 9539.000000 0.000000
25764.000000 30907.000000 28946.000000 45691.000000 30250.000000 19218.000000 12121.000000 7899.000000 4972.000000 9581.000000 0.000000
25816.000000 31211.000000 29014.000000 45828.000000 30269.000000 19073.000000 11916.000000 7823.000000 5059.000000 9387.000000 0.000000
26037.000000 31628.000000 29045.000000 45723.000000 30408.000000 19190.000000 11929.000000 7717.000000 4862.000000 8896.000000 0.000000
25883.000000 31467.000000 28911.000000 45849.000000 30381.000000 18732.000000 11962.000000 7532.000000 4946.000000 9086.000000 0.000000
26322.000000 31729.000000 29269.000000 45863.000000 29549.000000 18804.000000 11774.000000 7516.000000 4744.000000 8796.000000 0.000000
26324.000000 31464.000000 29529.000000 45991.000000 29741.000000 18660.000000 11779.000000 7379.000000 4687.000000 8591.000000 0.000000
26685.000000 31728.000000 29474.000000 45220.000000 29741.000000 18856.000000 11635.000000 7362.000000 4773.000000 8531.000000 0.000000
26930.000000 31796.000000 29512.000000 45985.000000 29764.000000 18409.000000 11645.000000 7310.000000 4665.000000 8481.000000 0.000000
26896.000000 31740.000000 29566.000000 46065.000000 29524.000000 18493.000000 11605.000000 7373.000000 4629.000000 8471.000000 0.000000
27132.000000 31443.000000 29285.000000 45968.000000 29796.000000 18557.000000 11703.000000 7431.000000 4669.000000 8510.000000 0.000000
26534.000000 32067.000000 29613.000000 45995.000000 29704.000000 18444.000000 11686.000000 7438.000000 4644.000000 8657.000000 0.000000
26689.000000 32068.000000 29326.000000 45902.000000 29979.000000 18492.000000 11582.000000 7272.000000 4714.000000 8592.000000 0.000000
26755.000000 31457.000000 29276.000000 45997.000000 29926.000000 18670.000000 11671.000000 7472.000000 4804.000000 8794.000000 0.000000
26654.000000 31514.000000 29277.000000 45692.000000 29783.000000 18604.000000 11900.000000 7706.000000 4835.000000 8780.000000 0.000000
26287.000000 31115.000000 29100.000000 45965.000000 29814.000000 18888.000000 11881.000000 7655.000000 4774.000000 9098.000000 0.000000
26227.000000 31338.000000 29157.000000 45784.000000 30133.000000 18949.000000 11993.000000 7576.000000 4969.000000 9073.000000 0.000000
25774.000000 30979.000000 29099.000000 45648.000000 30102.000000 19142.000000 12093.000000 7691.000000 4998.000000 9476.000000 0.000000
25722.000000 30841.000000 29265.000000 45897.000000 30006.000000 19072.000000 12113.000000 7862.000000 4998.000000 9441.000000 0.000000
25914.000000 31250.000000 29043.000000 45853.000000 30105.000000 19213.000000 12096.000000 7764.000000 5085.000000 9386.000000 0.000000
25479.000000 30847.000000 29153.000000 45885.000000 30230.000000 19114.000000 12432.000000 7969.000000 5113.000000 9671.000000 0.000000
25427.000000 30830.000000 28857.000000 45958.000000 30140.000000 19375.000000 12289.000000 7944.000000 5077.000000 9844.000000 0.000000
25454.000000 31067.000000 29140.000000 45585.000000 30376.000000 19244.000000 12253.000000 7852.000000 5035.000000 9634.000000 0.000000
25789.000000 30862.000000 29044.000000 45616.000000 30417.000000 19125.000000 12229.000000 7835.000000 5077.000000 9458.000000 0.000000
26048.000000 31207.000000 28933.000000 45812.000000 30082.000000 18983.000000 12081.000000 7698.000000 4858.000000 9376.000000 0.000000
25878.000000 30983.000000 29293.000000 45854.000000 30236.000000 19147.000000 12023.000000 7660.000000 5020.000000 9257.000000 0.000000
26373.000000 31676.000000 29337.000000 45831.000000 29906.000000 18869.000000 11946.000000 7544.000000 5047.000000 9115.000000 0.000000
26135.000000 31571.000000 29305.000000 45904.000000 29824.000000 18785.000000 11860.000000 7466.000000 4771.000000 8813.000000 0.000000
26377.000000 31655.000000 29159.000000 46220.000000 30065.000000 18596.000000 11617.000000 7616.000000 4835.000000 8672.000000 0.000000
26265.000000 31302.000000 29153.000000 46233.000000 30152.000000 18785.000000 11957.000000 7378.000000 4801.000000 8738.000000 0.000000
26115.000000 31735.000000 29024.000000 45867.000000 30232.000000 19055.000000 11788.000000 7421.000000 4813.000000 8937.000000 0.000000
26092.000000 31316.000000 29260.000000 46128.000000 30070.000000 18720.000000 11974.000000 7530.000000 4781.000000 9002.000000 0.000000
25959.000000 31581.000000 29159.000000 46249.000000 29907.000000 18751.000000 11850.000000 7487.000000 4939.000000 9019.000000 0.000000
26001.000000 31339.000000 29201.000000 45950.000000 29999.000000 18923.000000 11802.000000 7650.000000 4969.000000 9055.000000 0.000000
26166.000000 31292.000000 29251.000000 45944.000000 30144.000000 19045.000000 12006.000000 7582.000000 4865.000000 9006.000000 0.000000
26036.000000 31239.000000 29183.000000 45722.000000 30213.000000 19067.000000 11914.000000 7707.000000 4997.000000 9382.000000 0.000000
25912.000000 30698.000000 29122.000000 45810.000000 30571.000000 19099.000000 12172.000000 7855.000000 5130.000000 9397.000000 0.000000
25423.000000 30903.000000 29232.000000 45929.000000 30156.000000 19210.000000 12166.000000 7896.000000 5125.000000 9608.000000 0.000000
25450.000000 30765.000000 29005.000000 46022.000000 30447.000000 19147.000000 12123.000000 7891.000000 5090.000000 9719.000000 0.000000
25293.000000 30638.000000 28983.000000 46104.000000 30400.000000 19293.000000 12197.000000 8028.000000 5241.000000 9643.000000 0.000000
25200.000000 30618.000000 28637.000000 45859.000000 30399.000000 19567.000000 12600.000000 8197.000000 5259.000000 9968.000000 0.000000
24903.000000 30555.000000 28841.000000 45736.000000 30524.000000 19759.000000 12558.000000 8166.000000 5200.000000 10072.000000 0.000000
25249.000000 31097.000000 28886.000000 45720.000000 30456.000000 19797.000000 12494.000000 7970.000000 5271.000000 9941.000000 0.000000
25476.000000 30956.000000 28906.000000 45443.000000 30265.000000 19535.000000 12332.000000 8090.000000 5181.000000 9694.000000 0.000000
25381.000000 31041.000000 29099.000000 45828.000000 30236.000000 19199.000000 12049.000000 7954.000000 5055.000000 9585.000000 0.000000
25920.000000 30970.000000 28982.000000 45855.000000 30197.000000 19314.000000 12090.000000 7849.000000 5104.000000 9266.000000 0.000000
25778.000000 31143.000000 29301.000000 45701.000000 30386.000000 19165.000000 12207.000000 7754.000000 4932.000000 9283.000000 0.000000
26051.000000 31159.000000 29196.000000 46020.000000 30024.000000 19171.000000 12028.000000 7751.000000 4859.000000 9079.000000 0.000000
26071.000000 31262.000000 29039.000000 46191.000000 29958.000000 18959.000000 11856.000000 7735.000000 5020.000000 9228.000000 0.000000
25935.000000 31451.000000 29247.000000 45987.000000 30256.000000 18975.000000 11885.000000 7647.000000 4935.000000 9103.000000 0.000000
25882.000000 31104.000000 29133.000000 46101.000000 30193.000000 18950.000000 12112.000000 7668.000000 4893.000000 9080.000000 0.000000
26143.000000 31276.000000 29151.000000 45745.000000 30082.000000 18745.000000 12074.000000 7600.000000 4945.000000 9245.000000 0.000000
26010.000000 31369.000000 28909.000000 45996.000000 30335.000000 18988.000000 12115.000000 7675.000000 4943.000000 9142.000000 0.000000
25833.000000 31162.000000 29325.000000 45767.000000 30289.000000 18973.000000 12075.000000 7717.000000 4943.000000 9374.000000 0.000000
25668.000000 31079.000000 29032.000000 46004.000000 30306.000000 19032.000000 12224.000000 7827.000000 4967.000000 9469.000000 0.000000
25464.000000 30792.000000 28994.000000 46009.000000 30199.000000 19515.000000 12255.000000 7721.000000 5095.000000 9638.000000 0.000000
25364.000000 30852.000000 28766.000000 45998.000000 30305.000000 19132.000000 12648.000000 7898.000000 5156.000000 9858.000000 0.000000
25332.000000 30669.000000 28744.000000 46207.000000 30384.000000 19335.000000 12404.000000 7960.000000 5235.000000 10073.000000 0.000000
25195.000000 30403.000000 28732.000000 45553.000000 30750.000000 19698.000000 12440.000000 8149.000000 5276.000000 10055.000000 0.000000
25188.000000 30641.000000 28640.000000 45436.000000 30621.000000 19803.000000 12571.000000 8155.000000 5308.000000 10133.000000 0.000000
24874.000000 30396.000000 28590.000000 46019.000000 31024.000000 19678.000000 12623.000000 8258.000000 5177.000000 10238.000000 0.000000
24688.000000 30525.000000 28583.000000 45980.000000 30863.000000 19752.000000 12640.000000 8044.000000 5281.000000 10395.000000 0.000000
25175.000000 30170.000000 28833.000000 45978.000000 30704.000000 19737.000000 12597.000000 8071.000000 5231.000000 10217.000000 0.000000
24916.000000 30422.000000 28806.000000 45961.000000 30952.000000 19267.000000 12538.000000 8139.000000 5401.000000 10163.000000 0.000000
25226.000000 30412.000000 29168.000000 45745.000000 30546.000000 19444.000000 12531.000000 8110.000000 5184.000000 9942.000000 0.000000
25155.000000 30927.000000 28946.000000 46121.000000 30432.000000 19410.000000 12303.000000 7893.000000 5219.000000 9605.000000 0.000000
25471.000000 30924.000000 28969.000000 46273.000000 30272.000000 19306.000000 12160.000000 7968.000000 5107.000000 9642.000000 0.000000
25624.000000 30984.000000 29099.000000 45783.000000 30060.000000 19489.000000 12343.000000 7848.000000 5121.000000 9470.000000 0.000000
25653.000000 30973.000000 28957.000000 45836.000000 30127.000000 19371.000000 12298.000000 7899.000000 5011.000000 9544.000000 0.000000
25800.000000 30967.000000 29063.000000 45708.000000 30182.000000 19532.000000 12191.000000 7900.000000 4912.000000 9473.000000 0.000000
25624.000000 31052.000000 29272.000000 46104.000000 30582.000000 19092.000000 12079.000000 7806.000000 5000.000000 9427.000000 0.000000
25782.000000 31133.000000 29018.000000 46033.000000 30275.000000 19375.000000 12289.000000 7844.000000 5019.000000 9444.000000 0.000000
25604.000000 30848.000000 28990.000000 46400.000000 30431.000000 19322.000000 12081.000000 7758.000000 5083.000000 9427.000000 0.000000
25582.000000 30976.000000 28981.000000 46404.000000 30211.000000 19058.000000 12363.000000 7944.000000 5066.000000 9451.000000 0.000000
25383.000000 30577.000000 29033.000000 46003.000000 30585.000000 19593.000000 12380.000000 7969.000000 5131.000000 9667.000000 0.000000
25282.000000 30564.000000 29099.000000 45536.000000 30314.000000 19675.000000 12366.000000 8008.000000 5232.000000 9883.000000 0.000000
25296.000000 30708.000000 28950.000000 45692.000000 30284.000000 19758.000000 12565.000000 7985.000000 5293.000000 10075.000000 0.000000
24931.000000 30449.000000 28925.000000 45921.000000 30854.000000 19626.000000 12467.000000 8071.000000 5353.000000 10168.000000 0.000000
24834.000000 30375.000000 28750.000000 45814.000000 30731.000000 19519.000000 12831.000000 8311.000000 5342.000000 10263.000000 0.000000
24602.000000 30571.000000 28741.000000 45724.000000 30967.000000 19690.000000 12644.000000 8186.000000 5351.000000 10244.000000 0.000000
24716.000000 30239.000000 28497.000000 46019.000000 30717.000000 19891.000000 12815.000000 8328.000000 5506.000000 10722.000000 0.000000
24301.000000 30245.000000 28390.000000 45857.000000 31119.000000 19754.000000 12942.000000 8170.000000 5413.000000 10588.000000 0.000000
24415.000000 30265.000000 28713.000000 45763.000000 30983.000000 19852.000000 12710.000000 8353.000000 5491.000000 10664.000000 0.000000
24960.000000 30363.000000 28789.000000 45984.000000 30967.000000 19520.000000 12528.000000 8324.000000 5387.000000 10153.000000 0.000000
24908.000000 30572.000000 28771.000000 46362.000000 30618.000000 19603.000000 12424.000000 8118.000000 5262.000000 10189.000000 0.000000
25000.000000 30424.000000 28902.000000 46106.000000 30550.000000 19513.000000 12482.000000 8066.000000 5293.000000 9901.000000 0.000000
25145.000000 30649.000000 28647.000000 45661.000000 30582.000000 19502.000000 12361.000000 8074.000000 5297.000000 9962.000000 0.000000
25090.000000 30869.000000 28873.000000 46086.000000 30557.000000 19372.000000 12254.000000 7944.000000 5172.000000 9781.000000 0.000000
25417.000000 30774.000000 28893.000000 46138.000000 30548.000000 19518.000000 12292.000000 7974.000000 5148.000000 9647.000000 0.000000
25516.000000 30901.000000 29150.000000 45845.000000 30376.000000 19051.000000 12286.000000 7782.000000 5081.000000 9822.000000 0.000000
25302.000000 30689.000000 29031.000000 45869.000000 30506.000000 19347.000000 12274.000000 7914.000000 5075.000000 9831.000000 0.000000
25236.000000 30515.000000 29017.000000 46073.000000 30760.000000 19184.000000 12309.000000 8009.000000 5175.000000 9747.000000 0.000000
25353.000000 30605.000000 28764.000000 45945.000000 30575.000000 19442.000000 12265.000000 7800.000000 5097.000000 9943.000000 0.000000
25123.000000 30508.000000 29117.000000 45837.000000 30728.000000 19325.000000 12402.000000 8074.000000 5114.000000 9818.000000 0.000000
25218.000000 30515.000000 28668.000000 45822.000000 30601.000000 19717.000000 12450.000000 8004.000000 5327.000000 10073.000000 0.000000
25017.000000 30336.000000 28590.000000 45893.000000 30616.000000 19555.000000 12494.000000 8049.000000 5189.000000 10148.000000 0.000000
24719.000000 30475.000000 28740.000000 46109.000000 30464.000000 19605.000000 12632.000000 8237.000000 5344.000000 10390.000000 0.000000
24783.000000 30342.000000 28738.000000 45958.000000 30863.000000 19735.000000 12755.000000 8172.000000 5270.000000 10462.000000 0.000000
24781.000000 30009.000000 28678.000000 46045.000000 30464.000000 19759.000000 12848.000000 8486.000000 5466.000000 10437.000000 0.000000
24379.000000 29818.000000 28772.000000 46116.000000 30847.000000 19924.000000 12681.000000 8440.000000 5492.000000 10590.000000 0.000000
24406.000000 30049.000000 28587.000000 45649.000000 31249.000000 19933.000000 12962.000000 8368.000000 5524.000000 10577.000000 0.000000
24291.000000 29936.000000 28636.000000 46192.000000 30675.000000 19744.000000 12856.000000 8544.000000 5374.000000 10975.000000 0.000000
24628.000000 30015.000000 28428.000000 45796.000000 30872.000000 20199.000000 13116.000000 8378.000000 5455.000000 10874.000000 0.000000
24806.000000 30120.000000 28698.000000 45930.000000 30486.000000 19744.000000 12882.000000 8150.000000 5517.000000 10340.000000 0.000000
24622.000000 30443.000000 28318.000000 46285.000000 30906.000000 19641.000000 12679.000000 8186.000000 5456.000000 10565.000000 0.000000
24952.000000 30519.000000 28529.000000 46001.000000 30775.000000 19585.000000 12735.000000 8088.000000 5326.000000 10230.000000 0.000000
25037.000000 30356.000000 28706.000000 46078.000000 30625.000000 19580.000000 12617.000000 8043.000000 5214.000000 10047.000000 0.000000
24679.000000 30306.000000 28901.000000 46164.000000 30737.000000 19487.000000 12475.000000 8181.000000 5316.000000 10145.000000 0.000000
25376.000000 30465.000000 28681.000000 45749.000000 30705.000000 19289.000000 12537.000000 7968.000000 5224.000000 10041.000000 0.000000
24844.000000 30346.000000 28681.000000 45795.000000 30864.000000 19529.000000 12443.000000 8004.000000 5271.000000 10097.000000 0.000000
25070.000000 30359.000000 28924.000000 45802.000000 30610.000000 20030.000000 12348.000000 8145.000000 5222.000000 10061.000000 0.000000
25197.000000 30613.000000 28572.000000 46432.000000 30210.000000 19594.000000 12506.000000 7892.000000 5230.000000 9975.000000 0.000000
24977.000000 30561.000000 28924.000000 45669.000000 30688.000000 19609.000000 12542.000000 7928.000000 5242.000000 9964.000000 0.000000
25038.000000 30685.000000 28513.000000 45765.000000 30321.000000 19572.000000 12365.000000 8221.000000 5309.000000 10150.000000 0.000000
25078.000000 30266.000000 28819.000000 45697.000000 30455.000000 19615.000000 12615.000000 8105.000000 5385.000000 10206.000000 0.000000
24806.000000 30110.000000 28569.000000 46008.000000 30862.000000 20028.000000 12509.000000 8243.000000 5336.000000 10521.000000 0.000000
24571.000000 30561.000000 28434.000000 46048.000000 30597.000000 19830.000000 12723.000000 8239.000000 5536.000000 10629.000000 0.000000
24435.000000 30040.000000 28510.000000 45870.000000 30933.000000 19857.000000 12981.000000 8398.000000 5553.000000 10928.000000 0.000000
24625.000000 30113.000000 28139.000000 45632.000000 31080.000000 19933.000000 12950.000000 8292.000000 5615.000000 10712.000000 0.000000
24575.000000 29760.000000 28576.000000 46274.000000 30981.000000 19799.000000 12939.000000 8294.000000 5488.000000 10694.000000 0.000000
24031.000000 30128.000000 28109.000000 46259.000000 30750.000000 20109.000000 13074.000000 8396.000000 5626.000000 10962.000000 0.000000
24286.000000 29912.000000 28312.000000 46125.000000 30855.000000 19933.000000 13092.000000 8515.000000 5554.000000 11049.000000 0.000000
24464.000000 29779.000000 28437.000000 46099.000000 30963.000000 20062.000000 13021.000000 8403.000000 5601.000000 11095.000000 0.000000
24152.000000 30292.000000 28379.000000 45938.000000 31405.000000 19786.000000 12731.000000 8373.000000 5519.000000 10800.000000 0.000000
24708.000000 30471.000000 28319.000000 45873.000000 30730.000000 19876.000000 12731.000000 8260.000000 5379.000000 10698.000000 0.000000
24709.000000 30258.000000 28490.000000 45844.000000 30949.000000 20245.000000 12725.000000 8296.000000 5339.000000 10466.000000 0.000000
24797.000000 30279.000000 28775.000000 45725.000000 30971.000000 19523.000000 12878.000000 8419.000000 5267.000000 10400.000000 0.000000
24839.000000 30300.000000 28972.000000 45603.000000 31082.000000 19793.000000 12464.000000 8343.000000 5370.000000 10201.000000 0.000000
24966.000000 30299.000000 28589.000000 46016.000000 30817.000000 19833.000000 12708.000000 8173.000000 5261.000000 10200.000000 0.000000
24771.000000 30356.000000 29025.000000 45951.000000 30663.000000 19944.000000 12445.000000 8196.000000 5231.000000 10271.000000 0.000000
24661.000000 30301.000000 28758.000000 45887.000000 30518.000000 19844.000000 12737.000000 8249.000000 5333.000000 10549.000000 0.000000
24978.000000 30309.000000 28463.000000 45989.000000 30744.000000 19953.000000 12631.000000 8264.000000 5355.000000 10176.000000 0.000000
24719.000000 30474.000000 28775.000000 45721.000000 30328.000000 19818.000000 12734.000000 8214.000000 5408.000000 10376.000000 0.000000
24584.000000 30212.000000 28599.000000 46168.000000 30700.000000 19867.000000 12694.000000 8249.000000 5459.000000 10360.000000 0.000000
24908.000000 29990.000000 28512.000000 45744.000000 30727.000000 19912.000000 12803.000000 8195.000000 5555.000000 10747.000000 0.000000
24350.000000 29856.000000 28418.000000 46141.000000 31177.000000 20069.000000 12915.000000 8123.000000 5488.000000 10510.000000 0.000000
24689.000000 29905.000000 28466.000000 46090.000000 31017.000000 19866.000000 12921.000000 8440.000000 5566.000000 10618.000000 0.000000
24172.000000 29766.000000 28454.000000 46167.000000 31303.000000 19901.000000 12898.000000 8577.000000 5642.000000 10836.000000 0.000000
24156.000000 29917.000000 28519.000000 45639.000000 31346.000000 20219.000000 12990.000000 8649.000000 5539.000000 10925.000000 0.000000
24020.000000 29921.000000 28863.000000 45602.000000 30869.000000 20115.000000 12814.000000 8467.000000 5549.000000 11144.000000 0.000000
23891.000000 29959.000000 28575.000000 45776.000000 31083.000000 20361.000000 12934.000000 8823.000000 5719.000000 11140.000000 0.000000
24102.000000 29628.000000 28297.000000 45974.000000 31121.000000 20284.000000 13111.000000 8553.000000 5536.000000 11255.000000 0.000000
24024.000000 29761.000000 28253.000000 45890.000000 31215.000000 20258.000000 12951.000000 8593.000000 5612.000000 11155.000000 0.000000
24239.000000 29944.000000 28913.000000 45652.000000 31132.000000 20001.000000 12924.000000 8391.000000 5486.000000 11141.000000 0.000000
24027.000000 29873.000000 28685.000000 45681.000000 30854.000000 20095.000000 13147.000000 8377.000000 5544.000000 10920.000000 0.000000
24198.000000 30115.000000 28645.000000 46013.000000 30700.000000 20008.000000 12810.000000 8603.000000 5454.000000 10913.000000 0.000000
24589.000000 29884.000000 28396.000000 45740.000000 31398.000000 19890.000000 12798.000000 8286.000000 5484.000000 10685.000000 0.000000
24579.000000 30259.000000 28595.000000 45971.000000 30930.000000 19823.000000 12883.000000 8201.000000 5442.000000 10422.000000 0.000000
24484.000000 29967.000000 28486.000000 46015.000000 31007.000000 19987.000000 12700.000000 8241.000000 5362.000000 10610.000000 0.000000
24947.000000 30311.000000 28472.000000 45497.000000 30664.000000 19653.000000 12607.000000 8314.000000 5482.000000 10547.000000 0.000000
24761.000000 30328.000000 28536.000000 45790.000000 31154.000000 19782.000000 12668.000000 8163.000000 5385.000000 10466.000000 0.000000
24593.000000 29911.000000 28452.000000 46182.000000 30866.000000 19504.000000 12875.000000 8410.000000 5314.000000 10488.000000 0.000000
24623.000000 30150.000000 28287.000000 45861.000000 30756.000000 20223.000000 12899.000000 8413.000000 5416.000000 10819.000000 0.000000
24304.000000 30365.000000 28610.000000 45853.000000 30615.000000 19856.000000 12988.000000 8200.000000 5607.000000 10746.000000 0.000000
24631.000000 30318.000000 28806.000000 45623.000000 30766.000000 19778.000000 12884.000000 8474.000000 5485.000000 10773.000000 0.000000
24123.000000 30092.000000 28842.000000 45607.000000 30882.000000 19716.000000 13219.000000 8296.000000 5559.000000 10983.000000 0.000000
24353.000000 29764.000000 28687.000000 46194.000000 30916.000000 20057.000000 12857.000000 8543.000000 5616.000000 10878.000000 0.000000
24043.000000 29876.000000 28303.000000 46307.000000 30964.000000 20082.000000 13034.000000 8571.000000 5662.000000 11075.000000 0.000000
24076.000000 29449.000000 28428.000000 46155.000000 31225.000000 20075.000000 12947.000000 8618.000000 5707.000000 11140.000000 0.000000
23747.000000 29704.000000 28181.000000 46129.000000 31039.000000 20090.000000 13146.000000 8828.000000 5656.000000 11317.000000 0.000000
23616.000000 29510.000000 28575.000000 45800.000000 31336.000000 20338.000000 13292.000000 8787.000000 5683.000000 11432.000000 0.000000
23734.000000 29725.000000 28355.000000 45904.000000 30913.000000 20443.000000 13061.000000 8753.000000 5833.000000 11514.000000 0.000000
23888.000000 29526.000000 28395.000000 46142.000000 31056.000000 20506.000000 13251.000000 8590.000000 5786.000000 11183.000000 0.000000
24277.000000 29767.000000 28468.000000 45954.000000 30976.000000 20115.000000 13053.000000 8607.000000 5579.000000 11256.000000 0.000000
24174.000000 29900.000000 28132.000000 46015.000000 31135.000000 20287.000000 13043.000000 8558.000000 5582.000000 11167.000000 0.000000
24418.000000 29652.000000 28663.000000 45493.000000 31072.000000 20227.000000 12863.000000 8432.000000 5476.000000 11053.000000 0.000000
24386.000000 30123.000000 28540.000000 45763.000000 31187.000000 19928.000000 12968.000000 8627.000000 5427.000000 10857.000000 0.000000
24253.000000 29897.000000 28746.000000 46150.000000 30721.000000 19948.000000 13043.000000 8381.000000 5609.000000 10718.000000 0.000000
24170.000000 30240.000000 28598.000000 45584.000000 30994.000000 20133.000000 12933.000000 8341.000000 5615.000000 10752.000000 0.000000
24230.000000 29917.000000 28572.000000 45912.000000 30971.000000 20003.000000 13001.000000 8268.000000 5554.000000 10709.000000 0.000000
24372.000000 29995.000000 28340.000000 45885.000000 30963.000000 20009.000000 12847.000000 8601.000000 5542.000000 10889.000000 0.000000
24152.000000 30377.000000 28582.000000 45920.000000 30886.000000 20061.000000 12930.000000 8290.000000 5533.000000 10552.000000 0.000000
24251.000000 30093.000000 28688.000000 45697.000000 31077.000000 19842.000000 12789.000000 8302.000000 5443.000000 10958.000000 0.000000
24495.000000 29891.000000 28125.000000 45848.000000 31000.000000 20161.000000 13118.000000 8322.000000 5602.000000 10887.000000 0.000000
24212.000000 29557.000000 28626.000000 45908.000000 30875.000000 20304.000000 12968.000000 8650.000000 5713.000000 10859.000000 0.000000
24084.000000 29600.000000 28388.000000 45999.000000 31079.000000 20231.000000 13038.000000 8502.000000 5602.000000 11245.000000 0.000000
23824.000000 30104.000000 28371.000000 45740.000000 30906.000000 20221.000000 13189.000000 8598.000000 5657.000000 11286.000000 0.000000
23907.000000 29654.000000 28569.000000 46186.000000 30984.000000 20381.000000 13217.000000 8554.000000 5757.000000 11359.000000 0.000000
23852.000000 29659.000000 28120.000000 45796.000000 31093.000000 20149.000000 13042.000000 8779.000000 5610.000000 11422.000000 0.000000
23732.000000 29721.000000 28153.000000 46016.000000 31387.000000 20416.000000 13061.000000 8575.000000 5727.000000 11455.000000 0.000000
23582.000000 29461.000000 28409.000000 45932.000000 31178.000000 20345.000000 13070.000000 8642.000000 5833.000000 11639.000000 0.000000
23791.000000 29546.000000 28075.000000 45959.000000 31356.000000 20332.000000 13099.000000 8781.000000 5792.000000 11676.000000 0.000000
23695.000000 29289.000000 28040.000000 46032.000000 31333.000000 20252.000000 13418.000000 8788.000000 5714.000000 11678.000000 0.000000
23732.000000 29764.000000 28252.000000 45932.000000 31208.000000 20359.000000 13183.000000 8628.000000 5655.000000 11204.000000 0.000000
24009.000000 29739.000000 28285.000000 45790.000000 30953.000000 20220.000000 13125.000000 8695.000000 5802.000000 11309.000000 0.000000
24176.000000 29561.000000 28573.000000 45880.000000 30934.000000 20056.000000 13085.000000 8469.000000 5490.000000 11100.000000 0.000000
23955.000000 29548.000000 28190.000000 45665.000000 31340.000000 20265.000000 13228.000000 8368.000000 5699.000000 11085.000000 0.000000
24357.000000 30005.000000 28333.000000 45993.000000 30983.000000 20029.000000 13004.000000 8562.000000 5492.000000 11068.000000 0.000000
24075.000000 29715.000000 28480.000000 45715.000000 30918.000000 20260.000000 13036.000000 8588.000000 5523.000000 11180.000000 0.000000
24251.000000 29794.000000 28501.000000 45764.000000 31355.000000 20081.000000 12984.000000 8494.000000 5451.000000 11103.000000 0.000000
24162.000000 29801.000000 28515.000000 46030.000000 30924.000000 20197.000000 12963.000000 8484.000000 5571.000000 10941.000000 0.000000
24235.000000 30008.000000 28298.000000 45427.000000 31219.000000 20287.000000 13149.000000 8584.000000 5707.000000 10852.000000 0.000000
24152.000000 29888.000000 28155.000000 45706.000000 31107.000000 20289.000000 13079.000000 8491.000000 5518.000000 11278.000000 0.000000
24307.000000 29679.000000 28494.000000 45793.000000 31225.000000 20254.000000 13039.000000 8469.000000 5628.000000 10938.000000 0.000000
23849.000000 29915.000000 28771.000000 45724.000000 31112.000000 20159.000000 12914.000000 8563.000000 5575.000000 11127.000000 0.000000
23694.000000 29602.000000 28612.000000 45731.000000 31337.000000 20401.000000 13216.000000 8607.000000 5747.000000 11174.000000 0.000000
23948.000000 29676.000000 28528.000000 45765.000000 31179.000000 20383.000000 13118.000000 8693.000000 5683.000000 11453.000000 0.000000
23751.000000 29344.000000 28265.000000 45833.000000 31252.000000 20363.000000 13394.000000 8743.000000 5510.000000 11689.000000 0.000000
23628.000000 29591.000000 28084.000000 46059.000000 31304.000000 20169.000000 13410.000000 8701.000000 5813.000000 11495.000000 0.000000
23568.000000 29460.000000 28310.000000 45951.000000 31258.000000 20272.000000 13246.000000 8488.000000 5736.000000 11774.000000 0.000000
23547.000000 29097.000000 28024.000000 46113.000000 31292.000000 20312.000000 13461.000000 8774.000000 5979.000000 11638.000000 0.000000
23495.000000 29379.000000 27946.000000 45937.000000 31088.000000 20626.000000 13408.000000 8759.000000 5831.000000 11585.000000 0.000000
23596.000000 29452.000000 28115.000000 46167.000000 31410.000000 20705.000000 13226.000000 8747.000000 5549.000000 11765.000000 0.000000
23781.000000 29523.000000 28026.000000 46166.000000 31362.000000 20447.000000 13304.000000 8676.000000 5748.000000 11544.000000 0.000000
24127.000000 29185.000000 28300.000000 46158.000000 31290.000000 20428.000000 13349.000000 8616.000000 5719.000000 11338.000000 0.000000
23994.000000 29489.000000 28199.000000 45826.000000 30814.000000 20506.000000 13162.000000 8855.000000 5697.000000 11238.000000 0.000000
24364.000000 29764.000000 28320.000000 45605.000000 31102.000000 20282.000000 13255.000000 8573.000000 5620.000000 11241.000000 0.000000
23834.000000 29673.000000 28137.000000 45735.000000 31377.000000 20405.000000 13140.000000 8577.000000 5787.000000 11257.000000 0.000000
23873.000000 29815.000000 28078.000000 45567.000000 31390.000000 20311.000000 13453.000000 8491.000000 5663.000000 11506.000000 0.000000
23915.000000 29582.000000 28330.000000 45935.000000 31267.000000 20294.000000 13068.000000 8486.000000 5587.000000 11076.000000 0.000000
23886.000000 29759.000000 28427.000000 45946.000000 31009.000000 20088.000000 13346.000000 8468.000000 5703.000000 11342.000000 0.000000
24042.000000 29559.000000 28657.000000 45972.000000 30991.000000 20065.000000 13147.000000 8446.000000 5546.000000 11174.000000 0.000000
23671.000000 29807.000000 28466.000000 45712.000000 31076.000000 20282.000000 13206.000000 8539.000000 5680.000000 11178.000000 0.000000
23828.000000 29697.000000 28181.000000 45774.000000 31105.000000 20183.000000 13154.000000 8559.000000 5760.000000 11291.000000 0.000000
23980.000000 29478.000000 28093.000000 45738.000000 31153.000000 20493.000000 13124.000000 8626.000000 5774.000000 11484.000000 0.000000
24048.000000 29484.000000 28441.000000 45726.000000 31014.000000 20157.000000 13273.000000 8627.000000 5838.000000 11436.000000 0.000000
23735.000000 29488.000000 28322.000000 46052.000000 31038.000000 20445.000000 13200.000000 8670.000000 5686.000000 11500.000000 0.000000
23759.000000 29571.000000 28209.000000 45841.000000 31322.000000 20484.000000 13285.000000 8647.000000 5794.000000 11632.000000 0.000000
23664.000000 29386.000000 28287.000000 45759.000000 31257.000000 20508.000000 13649.000000 8846.000000 5764.000000 11765.000000 0.000000
23614.000000 29288.000000 28442.000000 45635.000000 31680.000000 20530.000000 13289.000000 8911.000000 5807.000000 11668.000000 0.000000
23509.000000 29342.000000 28113.000000 45682.000000 31401.000000 20814.000000 13350.000000 8812.000000 5857.000000 11987.000000 0.000000
23505.000000 29014.000000 28182.000000 45523.000000 31289.000000 20542.000000 13446.000000 8906.000000 5817.000000 11973.000000 0.000000
23459.000000 29420.000000 28044.000000 46136.000000 31750.000000 20436.000000 13387.000000 8816.000000 5792.000000 11850.000000 0.000000
23578.000000 29520.000000 28291.000000 46031.000000 31159.000000 20411.000000 13190.000000 8823.000000 5820.000000 11682.000000 0.000000
23564.000000 29530.000000 28314.000000 45992.000000 31223.000000 20529.000000 13376.000000 8731.000000 5665.000000 11604.000000 0.000000
23765.000000 29516.000000 28328.000000 45988.000000 31062.000000 20750.000000 13108.000000 8501.000000 5742.000000 11625.000000 0.000000
24149.000000 29530.000000 28061.000000 45760.000000 31210.000000 20392.000000 13096.000000 8621.000000 5720.000000 11543.000000 0.000000
24112.000000 29177.000000 28134.000000 46083.000000 31315.000000 20363.000000 13237.000000 8734.000000 5807.000000 11476.000000 0.000000
23840.000000 29646.000000 28374.000000 45574.000000 31337.000000 20321.000000 13390.000000 8751.000000 5723.000000 11404.000000 0.000000
23445.000000 29530.000000 28303.000000 45799.000000 31318.000000 20563.000000 13196.000000 8674.000000 5810.000000 11209.000000 0.000000
23837.000000 29470.000000 28403.000000 45457.000000 31367.000000 20294.000000 13237.000000 8685.000000 5793.000000 11317.000000 0.000000
23598.000000 29590.000000 28202.000000 45898.000000 31212.000000 20355.000000 13409.000000 8594.000000 5617.000000 11441.000000 0.000000
24084.000000 29758.000000 28337.000000 45414.000000 31185.000000 20820.000000 13116.000000 8493.000000 5667.000000 11583.000000 0.000000
23728.000000 29361.000000 27971.000000 46183.000000 31394.000000 20420.000000 13369.000000 8654.000000 5623.000000 11558.000000 0.000000
23595.000000 29302.000000 28288.000000 46024.000000 31023.000000 20522.000000 13496.000000 8751.000000 5729.000000 11386.000000 0.000000
23906.000000 29214.000000 28320.000000 46002.000000 31258.000000 20586.000000 13235.000000 8741.000000 5658.000000 11775.000000 0.000000
23443.000000 29349.000000 28126.000000 45968.000000 31552.000000 20522.000000 13296.000000 8927.000000 5752.000000 11888.000000 0.000000
23489.000000 29318.000000 27978.000000 45611.000000 31187.000000 20646.000000 13621.000000 8800.000000 5950.000000 11884.000000 0.000000
23514.000000 29109.000000 28135.000000 46112.000000 31391.000000 20627.000000 13444.000000 8888.000000 5894.000000 11877.000000 0.000000
23350.000000 29252.000000 28080.000000 45757.000000 31349.000000 20706.000000 13487.000000 8810.000000 5911.000000 11894.000000 0.000000
23491.000000 29035.000000 28282.000000 45830.000000 31583.000000 20690.000000 13644.000000 8885.000000 5921.000000 11934.000000 0.000000
23423.000000 29328.000000 28156.000000 46046.000000 31330.000000 20461.000000 13621.000000 8837.000000 5854.000000 12127.000000 0.000000
23596.000000 29029.000000 28393.000000 45344.000000 31506.000000 20539.000000 13476.000000 8868.000000 6004.000000 12152.000000 0.000000
23284.000000 29255.000000 28242.000000 45704.000000 31487.000000 20502.000000 13285.000000 8771.000000 5713.000000 11893.000000 0.000000
23647.000000 29449.000000 28187.000000 45564.000000 31361.000000 20647.000000 13388.000000 8840.000000 5777.000000 11761.000000 0.000000
23472.000000 29237.000000 28205.000000 45770.000000 31453.000000 20656.000000 13356.000000 8855.000000 5941.000000 11798.000000 0.000000
23677.000000 29486.000000 28144.000000 45533.000000 31503.000000 20543.000000 13206.000000 8830.000000 5714.000000 11648.000000 0.000000
23843.000000 29366.000000 28176.000000 45593.000000 31511.000000 20467.000000 13341.000000 8613.000000 5761.000000 11432.000000 0.000000
23619.000000 29132.000000 28175.000000 46212.000000 31452.000000 20466.000000 13143.000000 8723.000000 5705.000000 11586.000000 0.000000
24061.000000 29611.000000 28258.000000 45980.000000 31318.000000 20371.000000 13142.000000 8572.000000 5681.000000 11605.000000 0.000000
23466.000000 29336.000000 28318.000000 45847.000000 31307.000000 20450.000000 13035.000000 8895.000000 5818.000000 11731.000000 0.000000
23489.000000 29551.000000 28443.000000 45461.000000 31266.000000 20561.000000 13366.000000 8829.000000 5838.000000 11821.000000 0.000000
23530.000000 29473.000000 28083.000000 45521.000000 31518.000000 20365.000000 13421.000000 8817.000000 5943.000000 11612.000000 0.000000
23590.000000 29308.000000 28060.000000 45786.000000 31430.000000 20583.000000 13344.000000 8832.000000 5909.000000 11761.000000 0.000000
23566.000000 29453.000000 28271.000000 46052.000000 31249.000000 20432.000000 13383.000000 8750.000000 5868.000000 11628.000000 0.000000
23339.000000 29334.000000 28027.000000 45898.000000 31361.000000 20860.000000 13402.000000 8907.000000 5835.000000 11821.000000 0.000000
23233.000000 29327.000000 28382.000000 45924.000000 31326.000000 20485.000000 13428.000000 8904.000000 5877.000000 11785.000000 0.000000
23307.000000 29263.000000 28034.000000 45570.000000 31541.000000 20630.000000 13442.000000 9082.000000 5868.000000 12030.000000 0.000000
23284.000000 28887.000000 28154.000000 46247.000000 31743.000000 20597.000000 13555.000000 9007.000000 5838.000000 11978.000000 0.000000
22967.000000 29346.000000 28119.000000 45700.000000 31890.000000 20781.000000 13460.000000 9001.000000 5954.000000 11992.000000 0.000000
