0.103912 0.115188 0.101528 0.149794 0.090269 0.054046 0.032338 0.019842 0.012302 0.021368
0.103861 0.115229 0.100905 0.149625 0.091237 0.053855 0.032582 0.019377 0.012734 0.021557
0.103924 0.115322 0.101908 0.148825 0.090967 0.053568 0.032437 0.020001 0.012480 0.021482
0.104215 0.115132 0.101111 0.149530 0.090486 0.054241 0.032502 0.020098 0.012325 0.021087
0.103356 0.115852 0.100931 0.150046 0.091413 0.054386 0.033155 0.020301 0.012679 0.021969
0.103295 0.116453 0.101236 0.149349 0.091277 0.054133 0.032434 0.019893 0.012550 0.021407
0.104018 0.116485 0.101681 0.149491 0.090814 0.054006 0.032827 0.019730 0.012276 0.021934
0.102261 0.116600 0.101084 0.149328 0.091225 0.054606 0.033240 0.020155 0.012787 0.021396
0.101135 0.114168 0.101342 0.151546 0.093067 0.054918 0.034191 0.020516 0.013093 0.022978
0.102727 0.115340 0.102226 0.149492 0.091067 0.054425 0.032942 0.020287 0.012657 0.022000
0.102689 0.114461 0.101268 0.150302 0.092671 0.054679 0.032875 0.020219 0.012396 0.022070
0.100345 0.113271 0.101567 0.150834 0.093160 0.055521 0.034208 0.020610 0.013008 0.022800
0.097538 0.112572 0.101116 0.151375 0.094301 0.057155 0.035157 0.021891 0.013318 0.024280
0.101587 0.113517 0.102179 0.150452 0.093081 0.056204 0.033854 0.020655 0.012905 0.022430
0.101105 0.114430 0.101773 0.150521 0.092579 0.055921 0.033513 0.020596 0.012963 0.022497
0.097701 0.111987 0.101227 0.152027 0.094103 0.056909 0.035070 0.021647 0.013675 0.024041
