Hello. CMS --- ATLAS
Debug 11
4846 0 0
3952 0 1
3159 0 2
2692 0 3
2179 0 4
15342 0 5
0 0 6
5850 0 7
4768 1 0
3925 1 1
3185 1 2
2630 1 3
2190 1 4
15293 1 5
0 1 6
5734 1 7
4727 2 0
3928 2 1
3186 2 2
2571 2 3
2250 2 4
15410 2 5
0 2 6
5685 2 7
4705 3 0
3981 3 1
3183 3 2
2723 3 3
2255 3 4
15475 3 5
0 3 6
5715 3 7
4713 4 0
3939 4 1
3138 4 2
2741 4 3
2183 4 4
15787 4 5
0 4 6
5668 4 7
4696 5 0
3951 5 1
3363 5 2
2729 5 3
2226 5 4
16070 5 5
0 5 6
5609 5 7
4754 6 0
3955 6 1
3385 6 2
2731 6 3
2293 6 4
15930 6 5
0 6 6
5738 6 7
4798 7 0
3930 7 1
3345 7 2
2797 7 3
2188 7 4
16290 7 5
0 7 6
5806 7 7
4879 8 0
4016 8 1
3234 8 2
2648 8 3
2294 8 4
16486 8 5
0 8 6
5592 8 7
4833 9 0
3918 9 1
3261 9 2
2795 9 3
2272 9 4
16247 9 5
0 9 6
5685 9 7
4692 10 0
3948 10 1
3278 10 2
2807 10 3
2199 10 4
16223 10 5
0 10 6
5672 10 7
4895 11 0
4125 11 1
3208 11 2
2664 11 3
2385 11 4
16333 11 5
0 11 6
5639 11 7
4846 12 0
3850 12 1
3247 12 2
2708 12 3
2221 12 4
16408 12 5
0 12 6
5735 12 7
4816 13 0
3938 13 1
3204 13 2
2804 13 3
2282 13 4
16317 13 5
0 13 6
5596 13 7
4730 14 0
3839 14 1
3287 14 2
2676 14 3
2175 14 4
15948 14 5
0 14 6
5491 14 7
4758 15 0
3877 15 1
3205 15 2
2559 15 3
2173 15 4
15678 15 5
0 15 6
5729 15 7
4871 16 0
4035 16 1
3167 16 2
2658 16 3
2307 16 4
15527 16 5
0 16 6
5673 16 7
4789 17 0
3821 17 1
3217 17 2
2591 17 3
2235 17 4
15394 17 5
0 17 6
5627 17 7
4727 18 0
3912 18 1
3225 18 2
2633 18 3
2236 18 4
15396 18 5
0 18 6
5720 18 7
4719 19 0
3939 19 1
3195 19 2
2658 19 3
2254 19 4
15373 19 5
0 19 6
5716 19 7
4751 20 0
3912 20 1
3283 20 2
2663 20 3
2103 20 4
15708 20 5
0 20 6
5757 20 7
4722 21 0
3936 21 1
3116 21 2
2668 21 3
2243 21 4
15609 21 5
0 21 6
5665 21 7
4736 22 0
3901 22 1
3261 22 2
2636 22 3
2146 22 4
15821 22 5
0 22 6
5752 22 7
4634 23 0
4043 23 1
3251 23 2
2677 23 3
2208 23 4
15981 23 5
0 23 6
5645 23 7
4690 24 0
3945 24 1
3236 24 2
2692 24 3
2215 24 4
16218 24 5
0 24 6
5633 24 7
4722 25 0
4029 25 1
3194 25 2
2599 25 3
2248 25 4
16360 25 5
0 25 6
5698 25 7
4787 26 0
4011 26 1
3294 26 2
2701 26 3
2334 26 4
16464 26 5
0 26 6
5767 26 7
4652 27 0
4011 27 1
3274 27 2
2726 27 3
2371 27 4
16709 27 5
0 27 6
5655 27 7
4795 28 0
3874 28 1
3408 28 2
2723 28 3
2278 28 4
16759 28 5
0 28 6
5733 28 7
4765 29 0
3906 29 1
3292 29 2
2650 29 3
2287 29 4
17113 29 5
0 29 6
5623 29 7
4779 30 0
3942 30 1
3224 30 2
2775 30 3
2285 30 4
17030 30 5
0 30 6
5689 30 7
4643 31 0
3859 31 1
3308 31 2
2768 31 3
2285 31 4
16808 31 5
0 31 6
5705 31 7
4676 32 0
3932 32 1
3228 32 2
2865 32 3
2275 32 4
16871 32 5
0 32 6
5709 32 7
4750 33 0
3907 33 1
3237 33 2
2764 33 3
2198 33 4
16676 33 5
0 33 6
5578 33 7
4768 34 0
3863 34 1
3149 34 2
2766 34 3
2226 34 4
16344 34 5
0 34 6
5753 34 7
4838 35 0
3958 35 1
3183 35 2
2729 35 3
2256 35 4
15979 35 5
0 35 6
5719 35 7
4766 36 0
3905 36 1
3186 36 2
2744 36 3
2169 36 4
15815 36 5
0 36 6
5673 36 7
4837 37 0
3902 37 1
3283 37 2
2603 37 3
2244 37 4
15928 37 5
0 37 6
5653 37 7
4805 38 0
3929 38 1
3212 38 2
2696 38 3
2228 38 4
15752 38 5
0 38 6
5782 38 7
4724 39 0
3940 39 1
3303 39 2
2682 39 3
2161 39 4
15522 39 5
0 39 6
5845 39 7
4786 40 0
3951 40 1
3188 40 2
2703 40 3
2257 40 4
15909 40 5
0 40 6
5718 40 7
4851 41 0
3945 41 1
3256 41 2
2774 41 3
2232 41 4
15922 41 5
0 41 6
5788 41 7
4806 42 0
4014 42 1
3274 42 2
2641 42 3
2214 42 4
16039 42 5
0 42 6
5619 42 7
4877 43 0
3823 43 1
3282 43 2
2694 43 3
2211 43 4
16197 43 5
0 43 6
5575 43 7
4886 44 0
3976 44 1
3258 44 2
2710 44 3
2302 44 4
16332 44 5
0 44 6
5629 44 7
4831 45 0
3949 45 1
3273 45 2
2718 45 3
2277 45 4
16569 45 5
0 45 6
5746 45 7
4676 46 0
3867 46 1
3386 46 2
2678 46 3
2293 46 4
16866 46 5
0 46 6
5719 46 7
4790 47 0
3930 47 1
3337 47 2
2709 47 3
2221 47 4
17000 47 5
0 47 6
5474 47 7
4771 48 0
4028 48 1
3246 48 2
2670 48 3
2265 48 4
17229 48 5
0 48 6
5570 48 7
4621 49 0
3825 49 1
3302 49 2
2734 49 3
2321 49 4
17242 49 5
0 49 6
5673 49 7
4881 50 0
3959 50 1
3212 50 2
2685 50 3
2270 50 4
17434 50 5
0 50 6
5511 50 7
4924 51 0
4023 51 1
3236 51 2
2785 51 3
2299 51 4
17275 51 5
0 51 6
5639 51 7
4747 52 0
3932 52 1
3311 52 2
2763 52 3
2342 52 4
17056 52 5
0 52 6
5591 52 7
4814 53 0
3889 53 1
3356 53 2
2793 53 3
2260 53 4
16892 53 5
0 53 6
5766 53 7
4677 54 0
3904 54 1
3267 54 2
2679 54 3
2220 54 4
16492 54 5
0 54 6
5632 54 7
4816 55 0
3890 55 1
3140 55 2
2732 55 3
2273 55 4
16251 55 5
0 55 6
5723 55 7
4759 56 0
3963 56 1
3305 56 2
2689 56 3
2281 56 4
16198 56 5
0 56 6
5804 56 7
4948 57 0
4014 57 1
3216 57 2
2690 57 3
2304 57 4
15993 57 5
0 57 6
5636 57 7
4795 58 0
3865 58 1
3163 58 2
2712 58 3
2224 58 4
15890 58 5
0 58 6
5816 58 7
4694 59 0
3898 59 1
3238 59 2
2773 59 3
2202 59 4
16191 59 5
0 59 6
5725 59 7
4796 60 0
3907 60 1
3233 60 2
2756 60 3
2225 60 4
16076 60 5
0 60 6
5630 60 7
4907 61 0
3969 61 1
3222 61 2
2671 61 3
2279 61 4
16140 61 5
0 61 6
5760 61 7
4802 62 0
3868 62 1
3228 62 2
2662 62 3
2260 62 4
16375 62 5
0 62 6
5769 62 7
4762 63 0
3968 63 1
3276 63 2
2754 63 3
2238 63 4
16623 63 5
0 63 6
5707 63 7
4820 64 0
3859 64 1
3213 64 2
2753 64 3
2263 64 4
16918 64 5
0 64 6
5676 64 7
4693 65 0
3926 65 1
3272 65 2
2636 65 3
2350 65 4
17043 65 5
0 65 6
5585 65 7
4755 66 0
3820 66 1
3311 66 2
2760 66 3
2286 66 4
17310 66 5
0 66 6
5667 66 7
4738 67 0
3896 67 1
3379 67 2
2733 67 3
2346 67 4
17542 67 5
0 67 6
5605 67 7
4802 68 0
3960 68 1
3214 68 2
2722 68 3
2179 68 4
17653 68 5
0 68 6
5488 68 7
4668 69 0
3852 69 1
3328 69 2
2567 69 3
2338 69 4
17496 69 5
0 69 6
5505 69 7
4692 70 0
3944 70 1
3321 70 2
2768 70 3
2344 70 4
17598 70 5
0 70 6
5600 70 7
4772 71 0
3866 71 1
3240 71 2
2665 71 3
2308 71 4
17452 71 5
0 71 6
5763 71 7
4831 72 0
3922 72 1
3187 72 2
2722 72 3
2248 72 4
16902 72 5
0 72 6
5763 72 7
4804 73 0
3951 73 1
3289 73 2
2773 73 3
2233 73 4
16383 73 5
0 73 6
5715 73 7
4827 74 0
3898 74 1
3204 74 2
2721 74 3
2270 74 4
16293 74 5
0 74 6
5815 74 7
4815 75 0
3918 75 1
3266 75 2
2674 75 3
2215 75 4
16460 75 5
0 75 6
5735 75 7
4856 76 0
3902 76 1
3223 76 2
2823 76 3
2236 76 4
16460 76 5
0 76 6
5659 76 7
4900 77 0
3930 77 1
3274 77 2
2689 77 3
2266 77 4
16241 77 5
0 77 6
5583 77 7
4846 78 0
3807 78 1
3283 78 2
2708 78 3
2232 78 4
16458 78 5
0 78 6
5658 78 7
4801 79 0
3826 79 1
3244 79 2
2708 79 3
2260 79 4
16434 79 5
0 79 6
5690 79 7
4818 80 0
3961 80 1
3397 80 2
2738 80 3
2306 80 4
16555 80 5
0 80 6
5646 80 7
4777 81 0
3984 81 1
3264 81 2
2798 81 3
2307 81 4
16867 81 5
0 81 6
5588 81 7
4583 82 0
3933 82 1
3228 82 2
2779 82 3
2324 82 4
17199 82 5
0 82 6
5701 82 7
4583 83 0
4044 83 1
3301 83 2
2735 83 3
2291 83 4
17571 83 5
0 83 6
5539 83 7
4769 84 0
3935 84 1
3303 84 2
2793 84 3
2258 84 4
17731 84 5
0 84 6
5524 84 7
4705 85 0
3919 85 1
3252 85 2
2747 85 3
2280 85 4
17942 85 5
0 85 6
5521 85 7
4816 86 0
3770 86 1
3262 86 2
2787 86 3
2352 86 4
18234 86 5
0 86 6
5391 86 7
4559 87 0
3965 87 1
3181 87 2
2748 87 3
2291 87 4
18135 87 5
0 87 6
5511 87 7
4787 88 0
3909 88 1
3185 88 2
2722 88 3
2439 88 4
17736 88 5
0 88 6
5602 88 7
4796 89 0
3902 89 1
3217 89 2
2774 89 3
2341 89 4
17676 89 5
0 89 6
5508 89 7
4805 90 0
4017 90 1
3229 90 2
2726 90 3
2215 90 4
17623 90 5
0 90 6
5426 90 7
4800 91 0
3882 91 1
3301 91 2
2726 91 3
2232 91 4
17114 91 5
0 91 6
5671 91 7
4759 92 0
3886 92 1
3272 92 2
2834 92 3
2174 92 4
17102 92 5
0 92 6
5707 92 7
4835 93 0
3913 93 1
3377 93 2
2672 93 3
2324 93 4
16740 93 5
0 93 6
5711 93 7
4725 94 0
3924 94 1
3295 94 2
2713 94 3
2309 94 4
16716 94 5
0 94 6
5718 94 7
4831 95 0
3889 95 1
3320 95 2
2703 95 3
2307 95 4
16403 95 5
0 95 6
5660 95 7
4771 96 0
3947 96 1
3281 96 2
2775 96 3
2338 96 4
16280 96 5
0 96 6
5719 96 7
4879 97 0
3876 97 1
3281 97 2
2749 97 3
2317 97 4
16716 97 5
0 97 6
5822 97 7
4760 98 0
3973 98 1
3160 98 2
2687 98 3
2321 98 4
16865 98 5
0 98 6
5695 98 7
4829 99 0
3923 99 1
3389 99 2
2671 99 3
2268 99 4
16662 99 5
0 99 6
5699 99 7
4662 100 0
3843 100 1
3233 100 2
2744 100 3
2258 100 4
16989 100 5
0 100 6
5605 100 7
4703 101 0
4004 101 1
3293 101 2
2765 101 3
2204 101 4
17175 101 5
0 101 6
5658 101 7
4672 102 0
3956 102 1
3329 102 2
2695 102 3
2378 102 4
17391 102 5
0 102 6
5548 102 7
4736 103 0
3963 103 1
3375 103 2
2710 103 3
2306 103 4
17919 103 5
0 103 6
5607 103 7
4691 104 0
3918 104 1
3193 104 2
2791 104 3
2358 104 4
18189 104 5
0 104 6
5431 104 7
4701 105 0
3796 105 1
3275 105 2
2748 105 3
2307 105 4
18261 105 5
0 105 6
5500 105 7
4548 106 0
3924 106 1
3217 106 2
2722 106 3
2338 106 4
18362 106 5
0 106 6
5380 106 7
4553 107 0
3983 107 1
3244 107 2
2789 107 3
2280 107 4
18392 107 5
0 107 6
5278 107 7
4699 108 0
3878 108 1
3276 108 2
2825 108 3
2310 108 4
18185 108 5
0 108 6
5439 108 7
4817 109 0
3909 109 1
3254 109 2
2778 109 3
2390 109 4
18130 109 5
0 109 6
5504 109 7
4718 110 0
3876 110 1
3254 110 2
2765 110 3
2214 110 4
17927 110 5
0 110 6
5641 110 7
4727 111 0
3954 111 1
3356 111 2
2607 111 3
2221 111 4
17596 111 5
0 111 6
5795 111 7
4758 112 0
3877 112 1
3162 112 2
2703 112 3
2274 112 4
17388 112 5
0 112 6
5692 112 7
4780 113 0
3964 113 1
3354 113 2
2663 113 3
2286 113 4
17060 113 5
0 113 6
5808 113 7
4796 114 0
3842 114 1
3207 114 2
2743 114 3
2319 114 4
16849 114 5
0 114 6
5665 114 7
4695 115 0
4021 115 1
3281 115 2
2740 115 3
2295 115 4
16825 115 5
0 115 6
5605 115 7
4787 116 0
3951 116 1
3299 116 2
2688 116 3
2264 116 4
16590 116 5
0 116 6
5534 116 7
4727 117 0
3903 117 1
3229 117 2
2652 117 3
2236 117 4
17086 117 5
0 117 6
5640 117 7
4904 118 0
3987 118 1
3304 118 2
2742 118 3
2368 118 4
17197 118 5
0 118 6
5591 118 7
4802 119 0
4023 119 1
3312 119 2
2670 119 3
2281 119 4
17141 119 5
0 119 6
5710 119 7
4674 120 0
3951 120 1
3319 120 2
2738 120 3
2347 120 4
17316 120 5
0 120 6
5613 120 7
4762 121 0
4042 121 1
3201 121 2
2711 121 3
2336 121 4
17506 121 5
0 121 6
5601 121 7
4760 122 0
3987 122 1
3282 122 2
2699 122 3
2341 122 4
17879 122 5
0 122 6
5629 122 7
4706 123 0
3990 123 1
3303 123 2
2778 123 3
2275 123 4
17966 123 5
0 123 6
5356 123 7
4651 124 0
3813 124 1
3354 124 2
2742 124 3
2365 124 4
18543 124 5
0 124 6
5507 124 7
4728 125 0
3882 125 1
3278 125 2
2706 125 3
2351 125 4
18576 125 5
0 125 6
5496 125 7
4578 126 0
3922 126 1
3246 126 2
2716 126 3
2285 126 4
18768 126 5
0 126 6
5410 126 7
4750 127 0
3898 127 1
3318 127 2
2795 127 3
2272 127 4
18535 127 5
0 127 6
5395 127 7
4571 128 0
3890 128 1
3293 128 2
2669 128 3
2393 128 4
18809 128 5
0 128 6
5535 128 7
4730 129 0
3886 129 1
3174 129 2
2713 129 3
2253 129 4
18211 129 5
0 129 6
5622 129 7
4634 130 0
3869 130 1
3276 130 2
2732 130 3
2253 130 4
18154 130 5
0 130 6
5498 130 7
4833 131 0
3901 131 1
3255 131 2
2702 131 3
2341 131 4
17797 131 5
0 131 6
5546 131 7
4770 132 0
3968 132 1
3303 132 2
2754 132 3
2258 132 4
17359 132 5
0 132 6
5741 132 7
4666 133 0
4059 133 1
3268 133 2
2760 133 3
2310 133 4
17310 133 5
0 133 6
5563 133 7
4839 134 0
3907 134 1
3350 134 2
2727 134 3
2298 134 4
16912 134 5
0 134 6
5797 134 7
4802 135 0
4077 135 1
3300 135 2
2672 135 3
2313 135 4
16881 135 5
0 135 6
5782 135 7
4827 136 0
3966 136 1
3307 136 2
2720 136 3
2247 136 4
16755 136 5
0 136 6
5550 136 7
4788 137 0
3976 137 1
3341 137 2
2724 137 3
2314 137 4
17321 137 5
0 137 6
5507 137 7
4802 138 0
4017 138 1
3392 138 2
2798 138 3
2286 138 4
17104 138 5
0 138 6
5792 138 7
4712 139 0
3978 139 1
3309 139 2
2773 139 3
2287 139 4
17519 139 5
0 139 6
5659 139 7
4847 140 0
3907 140 1
3339 140 2
2764 140 3
2326 140 4
17653 140 5
0 140 6
5624 140 7
4838 141 0
3897 141 1
3286 141 2
2711 141 3
2357 141 4
17600 141 5
0 141 6
5495 141 7
4757 142 0
3816 142 1
3330 142 2
2701 142 3
2311 142 4
18130 142 5
0 142 6
5575 142 7
4764 143 0
3910 143 1
3313 143 2
2798 143 3
2388 143 4
18507 143 5
0 143 6
5405 143 7
4602 144 0
3780 144 1
3163 144 2
2713 144 3
2172 144 4
18734 144 5
0 144 6
5394 144 7
4569 145 0
3795 145 1
3271 145 2
2706 145 3
2401 145 4
18734 145 5
0 145 6
5444 145 7
4509 146 0
3882 146 1
3244 146 2
2708 146 3
2241 146 4
18891 146 5
0 146 6
5312 146 7
4595 147 0
3828 147 1
3177 147 2
2673 147 3
2297 147 4
18909 147 5
0 147 6
5414 147 7
4606 148 0
3829 148 1
3263 148 2
2650 148 3
2295 148 4
18609 148 5
0 148 6
5511 148 7
4629 149 0
3774 149 1
3229 149 2
2621 149 3
2219 149 4
18750 149 5
0 149 6
5453 149 7
4567 150 0
3845 150 1
3199 150 2
2637 150 3
2316 150 4
18187 150 5
0 150 6
5520 150 7
4689 151 0
3978 151 1
3270 151 2
2745 151 3
2321 151 4
17984 151 5
0 151 6
5469 151 7
4802 152 0
3987 152 1
3211 152 2
2684 152 3
2311 152 4
17742 152 5
0 152 6
5540 152 7
4771 153 0
3914 153 1
3319 153 2
2746 153 3
2282 153 4
17378 153 5
0 153 6
5530 153 7
4763 154 0
3937 154 1
3237 154 2
2684 154 3
2370 154 4
17400 154 5
0 154 6
5740 154 7
4760 155 0
3978 155 1
3276 155 2
2756 155 3
2340 155 4
17401 155 5
0 155 6
5679 155 7
4778 156 0
3965 156 1
3253 156 2
2737 156 3
2362 156 4
17139 156 5
0 156 6
5760 156 7
4738 157 0
3890 157 1
3158 157 2
2672 157 3
2372 157 4
17380 157 5
0 157 6
5708 157 7
4747 158 0
3957 158 1
3199 158 2
2707 158 3
2340 158 4
17734 158 5
0 158 6
5792 158 7
4793 159 0
4017 159 1
3266 159 2
2760 159 3
2296 159 4
17605 159 5
0 159 6
5556 159 7
4654 160 0
3921 160 1
3351 160 2
2774 160 3
2312 160 4
17649 160 5
0 160 6
5553 160 7
4682 161 0
3931 161 1
3295 161 2
2788 161 3
2312 161 4
17919 161 5
0 161 6
5534 161 7
4579 162 0
3945 162 1
3327 162 2
2701 162 3
2347 162 4
18524 162 5
0 162 6
5430 162 7
4625 163 0
3885 163 1
3235 163 2
2678 163 3
2327 163 4
18491 163 5
0 163 6
5373 163 7
4587 164 0
3804 164 1
3303 164 2
2792 164 3
2287 164 4
18914 164 5
0 164 6
5360 164 7
4724 165 0
3854 165 1
3232 165 2
2643 165 3
2382 165 4
19091 165 5
0 165 6
5379 165 7
4613 166 0
3774 166 1
3221 166 2
2787 166 3
2293 166 4
18986 166 5
0 166 6
5266 166 7
4557 167 0
3826 167 1
3172 167 2
2687 167 3
2371 167 4
19187 167 5
0 167 6
5369 167 7
4608 168 0
3824 168 1
3191 168 2
2765 168 3
2333 168 4
19059 168 5
0 168 6
5376 168 7
4624 169 0
3796 169 1
3276 169 2
2747 169 3
2347 169 4
18983 169 5
0 169 6
5384 169 7
4688 170 0
3789 170 1
3317 170 2
2717 170 3
2280 170 4
18544 170 5
0 170 6
5556 170 7
4707 171 0
3884 171 1
3249 171 2
2747 171 3
2332 171 4
18612 171 5
0 171 6
5497 171 7
4723 172 0
3920 172 1
3224 172 2
2727 172 3
2298 172 4
17987 172 5
0 172 6
5485 172 7
4733 173 0
3940 173 1
3353 173 2
2711 173 3
2298 173 4
17818 173 5
0 173 6
5713 173 7
4716 174 0
3866 174 1
3347 174 2
2805 174 3
2378 174 4
17834 174 5
0 174 6
5580 174 7
4623 175 0
4029 175 1
3189 175 2
2724 175 3
2374 175 4
17723 175 5
0 175 6
5594 175 7
4694 176 0
4021 176 1
3450 176 2
2678 176 3
2318 176 4
17415 176 5
0 176 6
5614 176 7
4772 177 0
3952 177 1
3348 177 2
2784 177 3
2411 177 4
17906 177 5
0 177 6
5629 177 7
4806 178 0
3981 178 1
3373 178 2
2690 178 3
2238 178 4
18005 178 5
0 178 6
5547 178 7
4717 179 0
3964 179 1
3238 179 2
2738 179 3
2317 179 4
17565 179 5
0 179 6
5595 179 7
4797 180 0
3988 180 1
3270 180 2
2793 180 3
2342 180 4
17920 180 5
0 180 6
5453 180 7
4711 181 0
3854 181 1
3306 181 2
2657 181 3
2322 181 4
18147 181 5
0 181 6
5556 181 7
4732 182 0
3880 182 1
3221 182 2
2780 182 3
2299 182 4
18645 182 5
0 182 6
5415 182 7
4614 183 0
3887 183 1
3162 183 2
2694 183 3
2228 183 4
18771 183 5
0 183 6
5211 183 7
4619 184 0
3960 184 1
3248 184 2
2720 184 3
2271 184 4
19296 184 5
0 184 6
5227 184 7
4727 185 0
3818 185 1
3292 185 2
2682 185 3
2338 185 4
19130 185 5
0 185 6
5340 185 7
4491 186 0
3730 186 1
3228 186 2
2707 186 3
2260 186 4
19449 186 5
0 186 6
5381 186 7
4513 187 0
3834 187 1
3141 187 2
2657 187 3
2299 187 4
19630 187 5
0 187 6
5361 187 7
4668 188 0
3761 188 1
3090 188 2
2774 188 3
2281 188 4
19148 188 5
0 188 6
5316 188 7
4607 189 0
3880 189 1
3247 189 2
2657 189 3
2320 189 4
18944 189 5
0 189 6
5361 189 7
4725 190 0
3834 190 1
3213 190 2
2720 190 3
2315 190 4
18645 190 5
0 190 6
5364 190 7
4638 191 0
3862 191 1
3257 191 2
2905 191 3
2392 191 4
18404 191 5
0 191 6
5506 191 7
4603 192 0
4008 192 1
3236 192 2
2802 192 3
2318 192 4
18152 192 5
0 192 6
5545 192 7
4694 193 0
3932 193 1
3319 193 2
2802 193 3
2354 193 4
17745 193 5
0 193 6
5537 193 7
4658 194 0
3900 194 1
3352 194 2
2679 194 3
2354 194 4
17991 194 5
0 194 6
5528 194 7
4727 195 0
4009 195 1
3362 195 2
2742 195 3
2311 195 4
17843 195 5
0 195 6
5720 195 7
4746 196 0
3988 196 1
3386 196 2
2776 196 3
2321 196 4
17788 196 5
0 196 6
5559 196 7
4711 197 0
3937 197 1
3270 197 2
2736 197 3
2348 197 4
18016 197 5
0 197 6
5564 197 7
4667 198 0
3874 198 1
3255 198 2
2797 198 3
2301 198 4
18145 198 5
0 198 6
5614 198 7
4641 199 0
3845 199 1
3263 199 2
2752 199 3
2379 199 4
18146 199 5
0 199 6
5598 199 7
4683 200 0
3878 200 1
3211 200 2
2814 200 3
2457 200 4
18147 200 5
0 200 6
5530 200 7
4578 201 0
3907 201 1
3303 201 2
2850 201 3
2350 201 4
18449 201 5
0 201 6
5479 201 7
4537 202 0
3894 202 1
3261 202 2
2666 202 3
2321 202 4
18716 202 5
0 202 6
5363 202 7
4598 203 0
3892 203 1
3200 203 2
2767 203 3
2300 203 4
18962 203 5
0 203 6
5336 203 7
4554 204 0
3775 204 1
3190 204 2
2751 204 3
2286 204 4
19247 204 5
0 204 6
5244 204 7
4529 205 0
3793 205 1
3238 205 2
2811 205 3
2253 205 4
19313 205 5
0 205 6
5229 205 7
4528 206 0
3710 206 1
3157 206 2
2736 206 3
2300 206 4
19869 206 5
0 206 6
5134 206 7
4443 207 0
3827 207 1
3180 207 2
2651 207 3
2284 207 4
19367 207 5
0 207 6
5346 207 7
4431 208 0
3759 208 1
3114 208 2
2697 208 3
2296 208 4
19554 208 5
0 208 6
5411 208 7
4622 209 0
3925 209 1
3153 209 2
2752 209 3
2303 209 4
19093 209 5
0 209 6
5272 209 7
4627 210 0
3836 210 1
3219 210 2
2747 210 3
2262 210 4
18977 210 5
0 210 6
5523 210 7
4584 211 0
3898 211 1
3304 211 2
2782 211 3
2281 211 4
18767 211 5
0 211 6
5456 211 7
4652 212 0
3945 212 1
3267 212 2
2744 212 3
2341 212 4
18504 212 5
0 212 6
5485 212 7
4718 213 0
4020 213 1
3307 213 2
2721 213 3
2336 213 4
18214 213 5
0 213 6
5421 213 7
4710 214 0
3961 214 1
3266 214 2
2687 214 3
2396 214 4
18208 214 5
0 214 6
5603 214 7
4649 215 0
3861 215 1
3250 215 2
2695 215 3
2403 215 4
18208 215 5
0 215 6
5423 215 7
4675 216 0
3889 216 1
3292 216 2
2700 216 3
2336 216 4
18041 216 5
0 216 6
5568 216 7
4650 217 0
3881 217 1
3215 217 2
2738 217 3
2381 217 4
18235 217 5
0 217 6
5430 217 7
4678 218 0
3859 218 1
3302 218 2
2827 218 3
2344 218 4
18138 218 5
0 218 6
5537 218 7
4716 219 0
4064 219 1
3242 219 2
2876 219 3
2252 219 4
18368 219 5
0 219 6
5451 219 7
4678 220 0
3907 220 1
3255 220 2
2757 220 3
2382 220 4
18241 220 5
0 220 6
5535 220 7
4626 221 0
3858 221 1
3311 221 2
2756 221 3
2377 221 4
18560 221 5
0 221 6
5377 221 7
4649 222 0
3852 222 1
3251 222 2
2667 222 3
2311 222 4
18855 222 5
0 222 6
5389 222 7
4558 223 0
3879 223 1
3229 223 2
2680 223 3
2337 223 4
18926 223 5
0 223 6
5266 223 7
4585 224 0
3841 224 1
3168 224 2
2633 224 3
2343 224 4
19178 224 5
0 224 6
5348 224 7
4588 225 0
3730 225 1
3159 225 2
2709 225 3
2214 225 4
19614 225 5
0 225 6
5210 225 7
4217 226 0
3848 226 1
3119 226 2
2714 226 3
2236 226 4
19937 226 5
0 226 6
5213 226 7
4575 227 0
3846 227 1
3177 227 2
2650 227 3
2309 227 4
19718 227 5
0 227 6
5193 227 7
4392 228 0
3764 228 1
3156 228 2
2643 228 3
2288 228 4
19630 228 5
0 228 6
5295 228 7
4569 229 0
3809 229 1
3173 229 2
2764 229 3
2313 229 4
19255 229 5
0 229 6
5333 229 7
4648 230 0
3746 230 1
3205 230 2
2713 230 3
2325 230 4
19109 230 5
0 230 6
5411 230 7
4597 231 0
3803 231 1
3168 231 2
2611 231 3
2372 231 4
18692 231 5
0 231 6
5558 231 7
4695 232 0
3836 232 1
3245 232 2
2721 232 3
2312 232 4
18632 232 5
0 232 6
5514 232 7
4623 233 0
3921 233 1
3259 233 2
2734 233 3
2311 233 4
18641 233 5
0 233 6
5524 233 7
4727 234 0
3973 234 1
3345 234 2
2671 234 3
2309 234 4
18348 234 5
0 234 6
5483 234 7
4647 235 0
4005 235 1
3171 235 2
2796 235 3
2413 235 4
18301 235 5
0 235 6
5493 235 7
4626 236 0
3894 236 1
3269 236 2
2736 236 3
2326 236 4
18178 236 5
0 236 6
5446 236 7
4587 237 0
4004 237 1
3313 237 2
2792 237 3
2458 237 4
18295 237 5
0 237 6
5492 237 7
4609 238 0
3831 238 1
3311 238 2
2721 238 3
2255 238 4
18689 238 5
0 238 6
5446 238 7
4597 239 0
3869 239 1
3176 239 2
2732 239 3
2275 239 4
18667 239 5
0 239 6
5473 239 7
4710 240 0
3911 240 1
3227 240 2
2685 240 3
2356 240 4
18614 240 5
0 240 6
5426 240 7
4738 241 0
3863 241 1
3178 241 2
2731 241 3
2303 241 4
18778 241 5
0 241 6
5383 241 7
4519 242 0
3746 242 1
3130 242 2
2734 242 3
2292 242 4
19272 242 5
0 242 6
5240 242 7
4584 243 0
3783 243 1
3236 243 2
2707 243 3
2351 243 4
19030 243 5
0 243 6
5249 243 7
4481 244 0
3795 244 1
3187 244 2
2738 244 3
2280 244 4
19778 244 5
0 244 6
5082 244 7
4308 245 0
3749 245 1
3081 245 2
2604 245 3
2204 245 4
19651 245 5
0 245 6
5182 245 7
4456 246 0
3749 246 1
3135 246 2
2723 246 3
2264 246 4
20147 246 5
0 246 6
5259 246 7
4483 247 0
3635 247 1
3139 247 2
2542 247 3
2153 247 4
19840 247 5
0 247 6
5289 247 7
4459 248 0
3755 248 1
3186 248 2
2662 248 3
2254 248 4
19592 248 5
0 248 6
5230 248 7
4507 249 0
3769 249 1
3137 249 2
2631 249 3
2363 249 4
19610 249 5
0 249 6
5406 249 7
4461 250 0
3691 250 1
3247 250 2
2778 250 3
2383 250 4
19202 250 5
0 250 6
5365 250 7
4586 251 0
3819 251 1
3245 251 2
2718 251 3
2398 251 4
18913 251 5
0 251 6
5567 251 7
4579 252 0
3925 252 1
3359 252 2
2816 252 3
2301 252 4
18882 252 5
0 252 6
5306 252 7
4739 253 0
3990 253 1
3244 253 2
2830 253 3
2243 253 4
18650 253 5
0 253 6
5369 253 7
4705 254 0
3800 254 1
3391 254 2
2709 254 3
2353 254 4
18702 254 5
0 254 6
5499 254 7
4721 255 0
3872 255 1
3260 255 2
2797 255 3
2275 255 4
18345 255 5
0 255 6
5449 255 7
4604 256 0
3905 256 1
3218 256 2
2844 256 3
2325 256 4
18502 256 5
0 256 6
5539 256 7
4705 257 0
3902 257 1
3239 257 2
2816 257 3
2308 257 4
18686 257 5
0 257 6
5472 257 7
4723 258 0
3876 258 1
3284 258 2
2757 258 3
2300 258 4
18652 258 5
0 258 6
5516 258 7
4533 259 0
3939 259 1
3247 259 2
2808 259 3
2256 259 4
18619 259 5
0 259 6
5420 259 7
4671 260 0
3802 260 1
3337 260 2
2746 260 3
2398 260 4
18828 260 5
0 260 6
5363 260 7
4543 261 0
3889 261 1
3261 261 2
2698 261 3
2273 261 4
18873 261 5
0 261 6
5437 261 7
4577 262 0
3870 262 1
3250 262 2
2824 262 3
2300 262 4
19160 262 5
0 262 6
5282 262 7
4491 263 0
3723 263 1
3225 263 2
2655 263 3
2332 263 4
19410 263 5
0 263 6
5140 263 7
4400 264 0
3742 264 1
3186 264 2
2650 264 3
2332 264 4
19824 264 5
0 264 6
5178 264 7
4371 265 0
3686 265 1
3175 265 2
2755 265 3
2243 265 4
19990 265 5
0 265 6
5192 265 7
4409 266 0
3644 266 1
3153 266 2
2525 266 3
2345 266 4
19976 266 5
0 266 6
4991 266 7
4324 267 0
3736 267 1
3051 267 2
2672 267 3
2282 267 4
20319 267 5
0 267 6
5144 267 7
4528 268 0
3768 268 1
3228 268 2
2692 268 3
2240 268 4
19908 268 5
0 268 6
5191 268 7
4483 269 0
3781 269 1
3165 269 2
2723 269 3
2376 269 4
19723 269 5
0 269 6
5281 269 7
4529 270 0
3813 270 1
3130 270 2
2724 270 3
2271 270 4
19388 270 5
0 270 6
5223 270 7
4592 271 0
3881 271 1
3214 271 2
2798 271 3
2381 271 4
19168 271 5
0 271 6
5411 271 7
4596 272 0
4042 272 1
3259 272 2
2643 272 3
2355 272 4
18986 272 5
0 272 6
5394 272 7
4747 273 0
3891 273 1
3093 273 2
2793 273 3
2285 273 4
18803 273 5
0 273 6
5482 273 7
4694 274 0
3796 274 1
3322 274 2
2778 274 3
2371 274 4
18796 274 5
0 274 6
5517 274 7
4576 275 0
3971 275 1
3286 275 2
2689 275 3
2323 275 4
18778 275 5
0 275 6
5451 275 7
4599 276 0
3924 276 1
3264 276 2
2759 276 3
2272 276 4
18679 276 5
0 276 6
5506 276 7
4585 277 0
3857 277 1
3332 277 2
2708 277 3
2321 277 4
19088 277 5
0 277 6
5297 277 7
4676 278 0
3843 278 1
3287 278 2
2782 278 3
2313 278 4
18785 278 5
0 278 6
5354 278 7
4582 279 0
3793 279 1
3223 279 2
2742 279 3
2314 279 4
18826 279 5
0 279 6
5448 279 7
4496 280 0
3822 280 1
3268 280 2
2711 280 3
2351 280 4
18742 280 5
0 280 6
5369 280 7
4583 281 0
3831 281 1
3285 281 2
2688 281 3
2364 281 4
19111 281 5
0 281 6
5330 281 7
4618 282 0
3760 282 1
3187 282 2
2644 282 3
2279 282 4
19190 282 5
0 282 6
5198 282 7
4585 283 0
3826 283 1
3240 283 2
2652 283 3
2266 283 4
19324 283 5
0 283 6
5296 283 7
4507 284 0
3813 284 1
3114 284 2
2737 284 3
2306 284 4
19723 284 5
0 284 6
5014 284 7
4399 285 0
3709 285 1
3172 285 2
2629 285 3
2300 285 4
20207 285 5
0 285 6
5156 285 7
4417 286 0
3770 286 1
3226 286 2
2491 286 3
2254 286 4
20132 286 5
0 286 6
4976 286 7
4523 287 0
3760 287 1
3169 287 2
2653 287 3
2208 287 4
19976 287 5
0 287 6
5283 287 7
4487 288 0
3678 288 1
3194 288 2
2511 288 3
2222 288 4
20006 288 5
0 288 6
5148 288 7
4472 289 0
3767 289 1
3092 289 2
2705 289 3
2335 289 4
19887 289 5
0 289 6
5217 289 7
4598 290 0
3864 290 1
3167 290 2
2694 290 3
2245 290 4
19457 290 5
0 290 6
5395 290 7
4540 291 0
3845 291 1
3257 291 2
2580 291 3
2318 291 4
19339 291 5
0 291 6
5399 291 7
4552 292 0
3877 292 1
3127 292 2
2799 292 3
2293 292 4
19323 292 5
0 292 6
5360 292 7
4592 293 0
3827 293 1
3347 293 2
2701 293 3
2359 293 4
19069 293 5
0 293 6
5526 293 7
4636 294 0
3851 294 1
3304 294 2
2750 294 3
2269 294 4
19069 294 5
0 294 6
5423 294 7
4586 295 0
3948 295 1
3198 295 2
2714 295 3
2204 295 4
18824 295 5
0 295 6
5337 295 7
4682 296 0
3802 296 1
3304 296 2
2698 296 3
2338 296 4
18745 296 5
0 296 6
5425 296 7
4554 297 0
3853 297 1
3312 297 2
2748 297 3
2318 297 4
18914 297 5
0 297 6
5436 297 7
4681 298 0
3892 298 1
3301 298 2
2762 298 3
2332 298 4
18905 298 5
0 298 6
5216 298 7
4563 299 0
3845 299 1
3325 299 2
2776 299 3
2322 299 4
19186 299 5
0 299 6
5384 299 7
4546 300 0
3920 300 1
3183 300 2
2815 300 3
2222 300 4
19106 300 5
0 300 6
5322 300 7
4601 301 0
3813 301 1
3321 301 2
2701 301 3
2359 301 4
19407 301 5
0 301 6
5125 301 7
4476 302 0
3770 302 1
3048 302 2
2754 302 3
2216 302 4
19407 302 5
0 302 6
5278 302 7
4571 303 0
3716 303 1
3228 303 2
2749 303 3
2260 303 4
19730 303 5
0 303 6
5064 303 7
4400 304 0
3750 304 1
3153 304 2
2737 304 3
2305 304 4
19801 304 5
0 304 6
4955 304 7
4411 305 0
3707 305 1
3156 305 2
2601 305 3
2162 305 4
20078 305 5
0 305 6
5116 305 7
4358 306 0
3649 306 1
3139 306 2
2606 306 3
2216 306 4
20285 306 5
0 306 6
5001 306 7
4331 307 0
3746 307 1
3083 307 2
2612 307 3
2295 307 4
20480 307 5
0 307 6
5084 307 7
4366 308 0
3594 308 1
3083 308 2
2690 308 3
2280 308 4
20162 308 5
0 308 6
5049 308 7
4319 309 0
3718 309 1
3109 309 2
2741 309 3
2255 309 4
19837 309 5
0 309 6
5293 309 7
4559 310 0
3725 310 1
3210 310 2
2759 310 3
2178 310 4
19670 310 5
0 310 6
5309 310 7
4474 311 0
3959 311 1
3200 311 2
2742 311 3
2322 311 4
19593 311 5
0 311 6
5375 311 7
4540 312 0
3890 312 1
3194 312 2
2825 312 3
2355 312 4
19100 312 5
0 312 6
5381 312 7
4448 313 0
3869 313 1
3224 313 2
2662 313 3
2414 313 4
19223 313 5
0 313 6
5377 313 7
4562 314 0
4079 314 1
3135 314 2
2650 314 3
2448 314 4
19054 314 5
0 314 6
5461 314 7
4688 315 0
3949 315 1
3295 315 2
2713 315 3
2368 315 4
19084 315 5
0 315 6
5429 315 7
4648 316 0
3889 316 1
3265 316 2
2784 316 3
2393 316 4
18916 316 5
0 316 6
5278 316 7
4488 317 0
3748 317 1
3265 317 2
2785 317 3
2290 317 4
19135 317 5
0 317 6
5363 317 7
4601 318 0
3894 318 1
3234 318 2
2721 318 3
2381 318 4
19283 318 5
0 318 6
5491 318 7
4579 319 0
3931 319 1
3216 319 2
2692 319 3
2357 319 4
19163 319 5
0 319 6
5198 319 7
4563 320 0
3723 320 1
3250 320 2
2694 320 3
2343 320 4
19157 320 5
0 320 6
5350 320 7
4605 321 0
3836 321 1
3162 321 2
2743 321 3
2241 321 4
19201 321 5
0 321 6
5085 321 7
4590 322 0
3812 322 1
3149 322 2
2704 322 3
2278 322 4
19713 322 5
0 322 6
5228 322 7
4407 323 0
3711 323 1
3325 323 2
2635 323 3
2312 323 4
19872 323 5
0 323 6
5042 323 7
4430 324 0
3717 324 1
3156 324 2
2632 324 3
2268 324 4
19904 324 5
0 324 6
5192 324 7
4417 325 0
3572 325 1
3203 325 2
2615 325 3
2252 325 4
20155 325 5
0 325 6
5123 325 7
4341 326 0
3701 326 1
3086 326 2
2625 326 3
2210 326 4
20419 326 5
0 326 6
4900 326 7
4410 327 0
3608 327 1
3105 327 2
2591 327 3
2226 327 4
20557 327 5
0 327 6
5003 327 7
4430 328 0
3742 328 1
3086 328 2
2636 328 3
2221 328 4
20294 328 5
0 328 6
5223 328 7
4374 329 0
3752 329 1
3220 329 2
2621 329 3
2243 329 4
19929 329 5
0 329 6
5328 329 7
4446 330 0
3714 330 1
3193 330 2
2718 330 3
2249 330 4
20167 330 5
0 330 6
5254 330 7
4423 331 0
3715 331 1
3232 331 2
2680 331 3
2409 331 4
19502 331 5
0 331 6
5399 331 7
4652 332 0
3783 332 1
3262 332 2
2680 332 3
2314 332 4
19362 332 5
0 332 6
5376 332 7
4645 333 0
3757 333 1
3202 333 2
2689 333 3
2363 333 4
19250 333 5
0 333 6
5189 333 7
4640 334 0
3763 334 1
3298 334 2
2774 334 3
2368 334 4
19176 334 5
0 334 6
5310 334 7
4445 335 0
3957 335 1
3216 335 2
2753 335 3
2304 335 4
19096 335 5
0 335 6
5361 335 7
4562 336 0
3817 336 1
3277 336 2
2713 336 3
2327 336 4
19163 336 5
0 336 6
5299 336 7
4525 337 0
3846 337 1
3189 337 2
2693 337 3
2378 337 4
19507 337 5
0 337 6
5416 337 7
4532 338 0
3892 338 1
3183 338 2
2775 338 3
2417 338 4
19289 338 5
0 338 6
5314 338 7
4521 339 0
3826 339 1
3260 339 2
2786 339 3
2257 339 4
19287 339 5
0 339 6
5266 339 7
4457 340 0
3724 340 1
3262 340 2
2658 340 3
2321 340 4
19404 340 5
0 340 6
5255 340 7
4457 341 0
3701 341 1
3295 341 2
2750 341 3
2295 341 4
19486 341 5
0 341 6
5016 341 7
4501 342 0
3802 342 1
3246 342 2
2765 342 3
2298 342 4
19815 342 5
0 342 6
5159 342 7
4326 343 0
3692 343 1
3113 343 2
2695 343 3
2203 343 4
19842 343 5
0 343 6
5168 343 7
4486 344 0
3824 344 1
3053 344 2
2718 344 3
2206 344 4
20000 344 5
0 344 6
5035 344 7
4282 345 0
3621 345 1
3092 345 2
2735 345 3
2228 345 4
20375 345 5
0 345 6
5071 345 7
4348 346 0
3625 346 1
3134 346 2
2586 346 3
2254 346 4
20492 346 5
0 346 6
4926 346 7
4395 347 0
3674 347 1
3068 347 2
2679 347 3
2258 347 4
20484 347 5
0 347 6
5053 347 7
4410 348 0
3666 348 1
3077 348 2
2569 348 3
2208 348 4
20184 348 5
0 348 6
5053 348 7
4460 349 0
3620 349 1
3133 349 2
2692 349 3
2187 349 4
20098 349 5
0 349 6
5103 349 7
4338 350 0
3786 350 1
3206 350 2
2646 350 3
2256 350 4
19943 350 5
0 350 6
5236 350 7
4580 351 0
3711 351 1
3224 351 2
2631 351 3
2339 351 4
19401 351 5
0 351 6
5236 351 7
4479 352 0
3850 352 1
3132 352 2
2723 352 3
2358 352 4
19422 352 5
0 352 6
5157 352 7
4548 353 0
3801 353 1
3325 353 2
2729 353 3
2324 353 4
19291 353 5
0 353 6
5234 353 7
4425 354 0
3846 354 1
3139 354 2
2646 354 3
2214 354 4
19249 354 5
0 354 6
5306 354 7
4637 355 0
3904 355 1
3257 355 2
2687 355 3
2361 355 4
19385 355 5
0 355 6
5269 355 7
4507 356 0
3916 356 1
3202 356 2
2728 356 3
2297 356 4
19091 356 5
0 356 6
5126 356 7
4542 357 0
3889 357 1
3173 357 2
2838 357 3
2377 357 4
19421 357 5
0 357 6
5243 357 7
4573 358 0
3777 358 1
3226 358 2
2749 358 3
2243 358 4
19380 358 5
0 358 6
5267 358 7
4420 359 0
3665 359 1
3276 359 2
2825 359 3
2340 359 4
19704 359 5
0 359 6
5281 359 7
4574 360 0
3757 360 1
3167 360 2
2696 360 3
2318 360 4
19578 360 5
0 360 6
5334 360 7
4395 361 0
3776 361 1
3222 361 2
2653 361 3
2275 361 4
19729 361 5
0 361 6
5109 361 7
4552 362 0
3842 362 1
3002 362 2
2591 362 3
2329 362 4
19841 362 5
0 362 6
5110 362 7
4394 363 0
3807 363 1
3144 363 2
2733 363 3
2358 363 4
19691 363 5
0 363 6
5093 363 7
4326 364 0
3708 364 1
3185 364 2
2640 364 3
2226 364 4
20190 364 5
0 364 6
4916 364 7
4249 365 0
3672 365 1
3113 365 2
2614 365 3
2224 365 4
20523 365 5
0 365 6
4901 365 7
4293 366 0
3607 366 1
2977 366 2
2582 366 3
2313 366 4
20877 366 5
0 366 6
5115 366 7
4315 367 0
3621 367 1
3037 367 2
2510 367 3
2225 367 4
20795 367 5
0 367 6
5079 367 7
4326 368 0
3759 368 1
3117 368 2
2740 368 3
2308 368 4
20573 368 5
0 368 6
5064 368 7
4225 369 0
3666 369 1
3134 369 2
2687 369 3
2184 369 4
19859 369 5
0 369 6
5138 369 7
4479 370 0
3699 370 1
3190 370 2
2655 370 3
2226 370 4
20148 370 5
0 370 6
5347 370 7
4389 371 0
3774 371 1
3173 371 2
2584 371 3
2245 371 4
20033 371 5
0 371 6
5237 371 7
4429 372 0
3885 372 1
3255 372 2
2683 372 3
2267 372 4
19742 372 5
0 372 6
5252 372 7
4458 373 0
3848 373 1
3190 373 2
2757 373 3
2267 373 4
19452 373 5
0 373 6
5165 373 7
4552 374 0
3812 374 1
3261 374 2
2635 374 3
2347 374 4
19655 374 5
0 374 6
5276 374 7
4539 375 0
3823 375 1
3231 375 2
2742 375 3
2301 375 4
19518 375 5
0 375 6
5174 375 7
4640 376 0
3820 376 1
3242 376 2
2723 376 3
2300 376 4
19763 376 5
0 376 6
5311 376 7
4585 377 0
3872 377 1
3186 377 2
2805 377 3
2274 377 4
19460 377 5
0 377 6
5325 377 7
4478 378 0
3919 378 1
3225 378 2
2755 378 3
2379 378 4
19592 378 5
0 378 6
5165 378 7
4467 379 0
3762 379 1
3255 379 2
2754 379 3
2335 379 4
19564 379 5
0 379 6
5235 379 7
4656 380 0
3719 380 1
3211 380 2
2707 380 3
2264 380 4
19767 380 5
0 380 6
5154 380 7
4454 381 0
3767 381 1
3299 381 2
2696 381 3
2273 381 4
20042 381 5
0 381 6
5292 381 7
4306 382 0
3729 382 1
3212 382 2
2675 382 3
2215 382 4
19730 382 5
0 382 6
5219 382 7
4438 383 0
3701 383 1
3165 383 2
2642 383 3
2254 383 4
20283 383 5
0 383 6
5116 383 7
4348 384 0
3661 384 1
3046 384 2
2587 384 3
2239 384 4
20279 384 5
0 384 6
4959 384 7
4367 385 0
3596 385 1
3103 385 2
2524 385 3
2227 385 4
20372 385 5
0 385 6
4925 385 7
4263 386 0
3605 386 1
3053 386 2
2568 386 3
2232 386 4
20624 386 5
0 386 6
4841 386 7
4328 387 0
3647 387 1
3049 387 2
2574 387 3
2203 387 4
20538 387 5
0 387 6
5114 387 7
4263 388 0
3487 388 1
3076 388 2
2566 388 3
2239 388 4
20576 388 5
0 388 6
5042 388 7
4391 389 0
3699 389 1
3124 389 2
2588 389 3
2231 389 4
20256 389 5
0 389 6
5034 389 7
4432 390 0
3663 390 1
3050 390 2
2631 390 3
2307 390 4
20025 390 5
0 390 6
5081 390 7
4528 391 0
3771 391 1
3229 391 2
2740 391 3
2306 391 4
19693 391 5
0 391 6
5159 391 7
4355 392 0
3733 392 1
3166 392 2
2797 392 3
2321 392 4
20020 392 5
0 392 6
5333 392 7
4338 393 0
3762 393 1
3137 393 2
2675 393 3
2309 393 4
19709 393 5
0 393 6
5359 393 7
4615 394 0
3815 394 1
3227 394 2
2736 394 3
2183 394 4
19637 394 5
0 394 6
5343 394 7
4552 395 0
3832 395 1
3195 395 2
2708 395 3
2258 395 4
19478 395 5
0 395 6
5207 395 7
4528 396 0
3687 396 1
3125 396 2
2630 396 3
2333 396 4
19392 396 5
0 396 6
0 396 7
0 397 0
0 397 1
0 397 2
0 397 3
0 397 4
0 397 5
0 397 6
0 397 7
0 398 0
0 398 1
0 398 2
0 398 3
0 398 4
0 398 5
0 398 6
0 398 7
0 399 0
0 399 1
0 399 2
0 399 3
0 399 4
0 399 5
0 399 6
0 399 7
 Error! Theta param out of range with value 1.07078e+74 Exiting...
